0 0.00000000 0.00000000 0.00000000
1 0.20000000 0.20000000 0.00000000
2 0.40000000 0.40000000 0.00000000
3 0.60000000 0.60000000 0.00000000
4 0.80000000 0.80000000 0.00000000
5 1.00000000 1.00000000 0.00000000
6 0.10000000 0.10000000 0.20000000
7 0.28000000 0.28000000 0.20000000
8 0.46000000 0.46000000 0.20000000
9 0.64000000 0.64000000 0.20000000
10 0.82000000 0.82000000 0.20000000
11 1.00000000 1.00000000 0.20000000
12 0.20000000 0.20000000 0.40000000
13 0.36000000 0.36000000 0.40000000
14 0.52000000 0.52000000 0.40000000
15 0.68000000 0.68000000 0.40000000
16 0.84000000 0.84000000 0.40000000
17 1.00000000 1.00000000 0.40000000
18 0.30000000 0.30000000 0.60000000
19 0.44000000 0.44000000 0.60000000
20 0.58000000 0.58000000 0.60000000
21 0.72000000 0.72000000 0.60000000
22 0.86000000 0.86000000 0.60000000
23 1.00000000 1.00000000 0.60000000
24 0.40000000 0.40000000 0.80000000
25 0.52000000 0.52000000 0.80000000
26 0.64000000 0.64000000 0.80000000
27 0.76000000 0.76000000 0.80000000
28 0.88000000 0.88000000 0.80000000
29 1.00000000 1.00000000 0.80000000
30 0.50000000 0.50000000 1.00000000
31 0.60000000 0.60000000 1.00000000
32 0.70000000 0.70000000 1.00000000
33 0.80000000 0.80000000 1.00000000
34 0.90000000 0.90000000 1.00000000
35 1.00000000 1.00000000 1.00000000
