1 0 0 0
2 1 0 0
3 1 1 0
4 0 1 0
5 0 0 1
6 1 0 1
7 1 1 1
8 0 1 1
9 0.2 0 0
10 0.4 0 0
11 0.6 0 0
12 0.8 0 0
13 1 0.2 0
14 1 0.4 0
15 1 0.6 0
16 1 0.8 0
17 0.8 1 0
18 0.6 1 0
19 0.4 1 0
20 0.2 1 0
21 0 0.8 0
22 0 0.6 0
23 0 0.4 0
24 0 0.2 0
25 0.2 0 1
26 0.4 0 1
27 0.6 0 1
28 0.8 0 1
29 1 0.2 1
30 1 0.4 1
31 1 0.6 1
32 1 0.8 1
33 0.8 1 1
34 0.6 1 1
35 0.4 1 1
36 0.2 1 1
37 0 0.8 1
38 0 0.6 1
39 0 0.4 1
40 0 0.2 1
41 0 0 0.2
42 0 0 0.4
43 0 0 0.6
44 0 0 0.8
45 1 0 0.2
46 1 0 0.4
47 1 0 0.6
48 1 0 0.8
49 1 1 0.2
50 1 1 0.4
51 1 1 0.6
52 1 1 0.8
53 0 1 0.2
54 0 1 0.4
55 0 1 0.6
56 0 1 0.8
57 0.163707 0.488665 0
58 0.83535 0.4903 0
59 0.493918 0.132376 0
60 0.498365 0.827739 0
61 0.300748 0.830703 0
62 0.39616 0.670734 0
63 0.600202 0.675519 0
64 0.5 0.480385 0
65 0.830577 0.300184 0
66 0.8147 0.689149 0
67 0.169382 0.300114 0
68 0.18819 0.683641 0
69 0.315785 0.186528 0
70 0.694476 0.840999 0
71 0.685921 0.172487 0
72 0.321461 0.387381 0
73 0.668523 0.385325 0
74 0.476883 0.317411 0
75 0.14641 0.85359 0
76 0.85359 0.85359 0
77 0.14641 0.14641 0
78 0.85359 0.14641 0
79 0.310303 0.541798 0
80 0.689697 0.541798 0
81 0.2 0 0.2
82 0.2 0 0.4
83 0.2 0 0.6
84 0.2 0 0.8
85 0.4 0 0.2
86 0.4 0 0.4
87 0.4 0 0.6
88 0.4 0 0.8
89 0.6 0 0.2
90 0.6 0 0.4
91 0.6 0 0.6
92 0.6 0 0.8
93 0.8 0 0.2
94 0.8 0 0.4
95 0.8 0 0.6
96 0.8 0 0.8
97 1 0.2 0.2
98 1 0.2 0.4
99 1 0.2 0.6
100 1 0.2 0.8
101 1 0.4 0.2
102 1 0.4 0.4
103 1 0.4 0.6
104 1 0.4 0.8
105 1 0.6 0.2
106 1 0.6 0.4
107 1 0.6 0.6
108 1 0.6 0.8
109 1 0.8 0.2
110 1 0.8 0.4
111 1 0.8 0.6
112 1 0.8 0.8
113 0.8 1 0.2
114 0.8 1 0.4
115 0.8 1 0.6
116 0.8 1 0.8
117 0.6 1 0.2
118 0.6 1 0.4
119 0.6 1 0.6
120 0.6 1 0.8
121 0.4 1 0.2
122 0.4 1 0.4
123 0.4 1 0.6
124 0.4 1 0.8
125 0.2 1 0.2
126 0.2 1 0.4
127 0.2 1 0.6
128 0.2 1 0.8
129 0 0.8 0.2
130 0 0.8 0.4
131 0 0.8 0.6
132 0 0.8 0.8
133 0 0.6 0.2
134 0 0.6 0.4
135 0 0.6 0.6
136 0 0.6 0.8
137 0 0.4 0.2
138 0 0.4 0.4
139 0 0.4 0.6
140 0 0.4 0.8
141 0 0.2 0.2
142 0 0.2 0.4
143 0 0.2 0.6
144 0 0.2 0.8
145 0.163707 0.488665 1
146 0.83535 0.4903 1
147 0.493918 0.132376 1
148 0.498365 0.827739 1
149 0.300748 0.830703 1
150 0.39616 0.670734 1
151 0.600202 0.675519 1
152 0.5 0.480385 1
153 0.830577 0.300184 1
154 0.8147 0.689149 1
155 0.169382 0.300114 1
156 0.18819 0.683641 1
157 0.315785 0.186528 1
158 0.694476 0.840999 1
159 0.685921 0.172487 1
160 0.321461 0.387381 1
161 0.668523 0.385325 1
162 0.476883 0.317411 1
163 0.14641 0.85359 1
164 0.85359 0.85359 1
165 0.14641 0.14641 1
166 0.85359 0.14641 1
167 0.310303 0.541798 1
168 0.689697 0.541798 1
169 0.163707 0.488665 0.2
170 0.163707 0.488665 0.4
171 0.163707 0.488665 0.6
172 0.163707 0.488665 0.8
173 0.83535 0.4903 0.2
174 0.83535 0.4903 0.4
175 0.83535 0.4903 0.6
176 0.83535 0.4903 0.8
177 0.493918 0.132376 0.2
178 0.493918 0.132376 0.4
179 0.493918 0.132376 0.6
180 0.493918 0.132376 0.8
181 0.498365 0.827739 0.2
182 0.498365 0.827739 0.4
183 0.498365 0.827739 0.6
184 0.498365 0.827739 0.8
185 0.300748 0.830703 0.2
186 0.300748 0.830703 0.4
187 0.300748 0.830703 0.6
188 0.300748 0.830703 0.8
189 0.39616 0.670734 0.2
190 0.39616 0.670734 0.4
191 0.39616 0.670734 0.6
192 0.39616 0.670734 0.8
193 0.600202 0.675519 0.2
194 0.600202 0.675519 0.4
195 0.600202 0.675519 0.6
196 0.600202 0.675519 0.8
197 0.5 0.480385 0.2
198 0.5 0.480385 0.4
199 0.5 0.480385 0.6
200 0.5 0.480385 0.8
201 0.830577 0.300184 0.2
202 0.830577 0.300184 0.4
203 0.830577 0.300184 0.6
204 0.830577 0.300184 0.8
205 0.8147 0.689149 0.2
206 0.8147 0.689149 0.4
207 0.8147 0.689149 0.6
208 0.8147 0.689149 0.8
209 0.169382 0.300114 0.2
210 0.169382 0.300114 0.4
211 0.169382 0.300114 0.6
212 0.169382 0.300114 0.8
213 0.18819 0.683641 0.2
214 0.18819 0.683641 0.4
215 0.18819 0.683641 0.6
216 0.18819 0.683641 0.8
217 0.315785 0.186528 0.2
218 0.315785 0.186528 0.4
219 0.315785 0.186528 0.6
220 0.315785 0.186528 0.8
221 0.694476 0.840999 0.2
222 0.694476 0.840999 0.4
223 0.694476 0.840999 0.6
224 0.694476 0.840999 0.8
225 0.685921 0.172487 0.2
226 0.685921 0.172487 0.4
227 0.685921 0.172487 0.6
228 0.685921 0.172487 0.8
229 0.321461 0.387381 0.2
230 0.321461 0.387381 0.4
231 0.321461 0.387381 0.6
232 0.321461 0.387381 0.8
233 0.668523 0.385325 0.2
234 0.668523 0.385325 0.4
235 0.668523 0.385325 0.6
236 0.668523 0.385325 0.8
237 0.476883 0.317411 0.2
238 0.476883 0.317411 0.4
239 0.476883 0.317411 0.6
240 0.476883 0.317411 0.8
241 0.14641 0.85359 0.2
242 0.14641 0.85359 0.4
243 0.14641 0.85359 0.6
244 0.14641 0.85359 0.8
245 0.85359 0.85359 0.2
246 0.85359 0.85359 0.4
247 0.85359 0.85359 0.6
248 0.85359 0.85359 0.8
249 0.14641 0.14641 0.2
250 0.14641 0.14641 0.4
251 0.14641 0.14641 0.6
252 0.14641 0.14641 0.8
253 0.85359 0.14641 0.2
254 0.85359 0.14641 0.4
255 0.85359 0.14641 0.6
256 0.85359 0.14641 0.8
257 0.310303 0.541798 0.2
258 0.310303 0.541798 0.4
259 0.310303 0.541798 0.6
260 0.310303 0.541798 0.8
261 0.689697 0.541798 0.2
262 0.689697 0.541798 0.4
263 0.689697 0.541798 0.6
264 0.689697 0.541798 0.8
