1 3 111 51 247 440 441
2 4 234 238 239 235 235 455
3 4 74 71 225 237 233 238
4 4 224 196 151 158 257 382
5 3 66 16 15 308 -1
6 3 189 185 213 243 244
7 4 262 206 207 263 275 460
8 3 225 233 237 233 234
9 4 185 213 214 186 244 539
10 4 134 138 139 135 290 -1
11 3 99 203 255 525 526
12 3 74 73 71 233 -1
13 4 185 121 122 186 314 344
14 3 192 216 260 271 272
15 4 218 82 83 219 370 505
16 4 223 183 184 224 381 391
17 4 71 73 233 225 233 263
18 4 218 178 179 219 355 395
19 4 211 171 172 212 351 406
20 4 89 93 94 90 374 -1
21 4 225 233 234 226 234 264
22 4 65 13 97 201 338 523
23 4 246 110 111 247 440 510
24 3 174 106 206 334 335
25 4 69 74 237 217 248 353
26 3 135 171 215 385 386
27 4 209 169 170 210 349 404
28 3 74 69 72 248 -1
29 4 73 74 237 233 233 453
30 4 22 68 213 133 358 383
31 4 93 225 226 94 374 489
32 4 240 180 147 162 242 357
33 3 226 234 238 234 235
34 4 188 216 156 149 247 542
35 4 62 61 185 189 243 328
36 3 134 170 214 384 385
37 3 117 121 181 283 284
38 4 233 237 238 234 234 454
39 4 237 225 226 238 234 239
40 4 209 217 218 210 259 544
41 3 227 235 239 235 236
42 4 77 1 41 249 423 428
43 4 193 205 206 194 254 274
44 4 226 234 235 227 235 265
45 4 73 64 197 233 453 483
46 3 228 236 240 236 237
47 4 173 101 102 174 279 324
48 3 183 187 191 330 331
49 4 238 226 227 239 235 240
50 4 227 235 236 228 236 266
51 4 237 177 178 238 239 354
52 4 205 221 222 206 254 534
53 4 182 186 187 183 330 345
54 4 235 239 240 236 236 456
55 4 184 120 34 148 287 392
56 4 235 199 200 236 456 486
57 4 178 226 227 179 240 400
58 4 239 227 228 240 236 241
59 3 159 161 162 237 -1
60 4 179 227 228 180 241 401
61 4 121 181 182 122 284 344
62 4 228 236 161 159 237 267
63 3 74 64 73 453 -1
64 3 230 218 238 249 250
65 4 236 240 162 161 237 457
66 3 208 112 248 511 512
67 3 192 188 216 246 247
68 4 225 201 202 226 264 529
69 4 211 219 220 212 261 546
70 4 240 228 159 162 237 242
71 3 77 24 67 518 -1
72 4 239 179 180 240 241 356
73 4 195 183 184 196 296 381
74 4 243 187 188 244 516 541
75 3 120 124 184 286 287
76 3 101 173 201 323 324
77 4 119 223 224 120 366 391
78 3 74 71 59 238 -1
79 3 48 100 256 446 447
80 4 75 4 53 241 413 433
81 4 218 238 239 219 250 355
82 4 74 72 229 237 248 548
83 3 177 225 237 238 239
84 4 72 69 217 229 248 258
85 4 59 71 225 177 238 398
86 4 101 105 106 102 279 -1
87 4 264 208 154 168 277 462
88 4 74 59 177 237 238 353
89 3 220 180 240 356 357
90 4 215 191 192 216 246 271
91 3 178 226 238 239 240
92 4 142 210 211 143 320 520
93 4 47 99 100 48 446 -1
94 4 177 225 226 178 239 399
95 3 123 127 187 315 316
96 4 60 18 117 181 283 388
97 3 182 186 190 329 330
98 4 171 259 260 172 476 556
99 4 187 215 216 188 246 541
100 3 179 227 239 240 241
101 4 186 214 215 187 245 540
102 4 238 178 179 239 240 355
103 3 132 216 244 501 502
104 3 180 228 240 241 242
105 4 94 46 47 95 450 -1
106 3 147 159 162 242 -1
107 4 196 208 154 151 257 277
108 4 180 228 159 147 242 402
109 3 68 61 62 243 -1
110 4 138 142 143 139 320 -1
111 3 116 120 224 366 367
112 4 72 67 209 229 258 403
113 4 137 141 142 138 319 -1
114 4 61 68 213 185 243 538
115 4 70 60 181 221 378 388
116 4 122 182 183 123 285 345
117 4 68 62 189 213 243 268
118 4 98 254 255 99 445 525
119 3 74 59 69 353 -1
120 3 190 186 214 244 245
121 4 181 185 186 182 329 344
122 3 76 3 16 438 -1
123 4 189 185 186 190 244 329
124 4 229 217 218 230 249 259
125 3 67 24 23 318 -1
126 4 213 189 190 214 244 269
127 4 228 204 153 159 267 532
128 3 191 187 215 245 246
129 4 226 202 203 227 265 530
130 4 190 186 187 191 245 330
131 3 170 210 230 404 405
132 4 191 187 188 192 246 331
133 4 214 190 191 215 245 270
134 4 99 103 104 100 341 -1
135 3 36 8 163 437 -1
136 3 150 149 156 247 -1
137 4 92 96 28 27 377 -1
138 3 95 47 255 450 451
139 4 192 188 149 150 247 332
140 4 233 197 198 234 454 484
141 4 216 192 150 156 247 272
142 3 229 217 237 248 249
143 4 227 203 204 228 266 531
144 3 183 191 195 295 296
145 4 217 237 238 218 249 354
146 4 237 229 230 238 249 549
147 3 28 6 166 452 -1
148 3 231 219 239 250 251
149 4 230 218 219 231 250 260
150 3 218 178 238 354 355
151 4 238 230 231 239 250 550
152 3 232 220 240 251 252
153 4 195 263 264 196 276 471
154 4 231 219 220 232 251 261
155 4 112 52 7 32 442 -1
156 4 212 140 39 155 322 352
157 4 219 239 240 220 251 356
158 4 239 231 232 240 251 551
159 3 34 35 148 287 -1
160 3 160 157 162 252 -1
161 4 58 65 201 173 323 408
162 4 232 220 157 160 252 262
163 4 220 240 162 157 252 357
164 3 179 91 227 400 401
165 4 202 98 99 203 340 525
166 4 82 86 87 83 370 -1
167 4 236 200 152 161 457 487
168 4 240 232 160 162 252 552
169 4 203 99 100 204 341 526
170 3 70 66 63 253 -1
171 3 193 205 221 253 254
172 3 154 151 168 277 -1
173 4 204 236 161 153 267 412
174 4 63 66 205 193 253 273
175 3 74 72 64 548 -1
176 4 66 70 221 205 253 533
177 4 70 63 193 221 253 378
178 3 159 153 161 267 -1
179 4 118 222 223 119 365 390
180 3 194 206 222 254 255
181 4 212 220 157 155 262 547
182 4 221 193 194 222 254 379
183 3 195 207 223 255 256
184 4 200 196 151 152 307 472
185 4 194 206 207 195 255 275
186 3 72 69 67 258 -1
187 4 57 68 213 169 383 473
188 4 206 222 223 207 255 535
189 3 184 188 192 331 332
190 4 222 194 195 223 255 380
191 3 196 208 224 256 257
192 4 100 104 30 29 342 -1
193 3 115 119 223 365 366
194 4 195 207 208 196 256 276
195 3 104 108 176 281 282
196 4 207 223 224 208 256 536
197 4 223 195 196 224 256 381
198 3 151 154 158 257 -1
199 3 195 191 199 305 306
200 4 208 224 158 154 257 537
201 4 207 107 108 208 311 336
202 4 171 215 216 172 386 476
203 3 209 217 229 258 259
204 4 102 106 107 103 280 -1
205 3 198 190 258 464 465
206 4 67 69 217 209 258 543
207 3 79 72 57 553 -1
208 4 259 199 200 260 466 481
209 3 210 218 230 259 260
210 4 177 85 86 178 299 394
211 4 131 135 136 132 361 -1
212 4 91 95 96 92 376 -1
213 4 18 70 221 117 363 388
214 4 229 209 210 230 259 404
215 4 15 16 109 105 308 -1
216 3 198 234 262 484 485
217 3 211 219 231 260 261
218 4 210 218 219 211 260 545
219 3 56 132 244 416 417
220 4 81 85 86 82 369 -1
221 4 230 210 211 231 260 405
222 3 80 63 66 273 -1
223 3 212 220 232 261 262
224 4 46 98 99 47 445 -1
225 4 231 211 212 232 261 406
226 3 155 157 160 262 -1
227 4 64 63 193 197 303 468
228 3 98 202 254 524 525
229 4 50 114 115 51 420 -1
230 4 232 212 155 160 262 407
231 4 114 118 119 115 365 -1
232 3 105 109 205 308 309
233 3 221 205 245 533 534
234 3 73 65 71 263 -1
235 4 211 139 140 212 321 351
236 4 175 203 204 176 326 411
237 3 226 94 254 489 490
238 3 203 175 235 410 411
239 3 225 201 233 263 264
240 4 85 89 90 86 299 -1
241 4 71 65 201 225 263 528
242 4 65 73 233 201 263 408
243 4 139 171 172 140 291 351
244 3 65 14 13 338 -1
245 4 13 14 101 97 338 -1
246 4 249 209 210 250 519 544
247 3 210 142 250 519 520
248 4 219 251 252 220 506 546
249 3 226 202 234 264 265
250 4 201 233 234 202 264 409
251 3 225 93 253 488 489
252 4 142 42 43 143 430 -1
253 3 227 203 235 265 266
254 4 202 234 235 203 265 410
255 4 67 57 169 209 348 403
256 4 219 83 84 220 371 506
257 3 79 68 62 268 -1
258 4 215 259 260 216 271 476
259 3 228 204 236 266 267
260 3 189 213 257 268 269
261 4 176 204 153 146 327 412
262 4 203 235 236 204 266 411
263 3 140 144 212 321 322
264 4 125 185 186 126 314 514
265 3 68 22 21 358 -1
266 4 68 79 257 213 268 473
267 4 229 169 170 230 404 554
268 4 79 62 189 257 268 463
269 4 170 134 135 171 290 385
270 3 190 214 258 269 270
271 4 103 107 108 104 281 -1
272 4 213 257 258 214 269 474
273 4 59 10 85 177 298 393
274 3 213 185 241 538 539
275 4 257 189 190 258 269 464
276 4 212 172 145 155 352 407
277 4 135 139 140 136 291 -1
278 4 228 92 27 159 377 402
279 3 191 215 259 270 271
280 4 214 258 259 215 270 475
281 4 258 190 191 259 270 465
282 3 153 159 166 532 -1
283 4 206 106 107 207 310 335
284 4 259 191 192 260 271 466
285 3 150 156 167 272 -1
286 3 128 56 244 436 437
287 3 99 103 203 340 341
288 3 196 200 264 471 472
289 4 216 260 167 156 272 477
290 4 260 192 150 167 272 467
291 4 201 101 102 202 324 339
292 3 205 193 261 273 274
293 3 44 84 252 426 427
294 4 63 80 261 193 273 468
295 4 187 123 124 188 316 346
296 4 236 264 168 161 487 562
297 3 35 36 149 317 -1
298 4 80 66 205 261 273 458
299 4 12 2 45 93 448 -1
300 3 46 98 254 444 445
301 4 131 243 244 132 416 501
302 3 206 194 262 274 275
303 4 193 261 262 194 274 469
304 3 195 199 263 470 471
305 4 96 228 159 28 377 492
306 4 85 217 218 86 369 394
307 3 76 66 70 533 -1
308 4 261 205 206 262 274 459
309 3 89 93 225 373 374
310 3 207 195 263 275 276
311 4 194 262 263 195 275 470
312 4 90 94 95 91 375 -1
313 3 208 196 264 276 277
314 4 263 207 208 264 276 461
315 4 49 113 114 50 419 -1
316 4 22 23 137 133 288 -1
317 3 156 149 163 542 -1
318 4 247 207 208 248 511 536
319 4 196 264 168 151 277 472
320 3 58 15 14 278 -1
321 3 61 20 19 313 -1
322 3 101 105 173 278 279
323 4 14 15 105 101 278 -1
324 4 243 55 56 244 416 436
325 4 15 58 173 105 278 333
326 4 179 87 88 180 301 396
327 4 58 14 101 173 278 323
328 3 102 106 174 279 280
329 4 204 100 29 153 342 527
330 4 87 91 92 88 301 -1
331 4 105 173 174 106 279 334
332 3 103 107 175 280 281
333 3 94 46 254 449 450
334 3 194 190 198 304 305
335 4 109 49 50 110 439 -1
336 4 106 174 175 107 280 335
337 4 174 102 103 175 280 325
338 3 53 129 241 413 414
339 4 107 175 176 108 281 336
340 4 175 103 104 176 281 326
341 3 30 31 146 282 -1
342 4 104 108 31 30 282 -1
343 3 118 122 182 284 285
344 3 30 146 153 327 -1
345 4 76 16 109 245 438 508
346 4 108 176 146 31 282 337
347 3 61 19 60 343 -1
348 3 80 58 73 558 -1
349 4 139 143 144 140 321 -1
350 3 113 221 245 493 494
351 4 176 104 30 146 282 327
352 4 78 12 93 253 448 488
353 4 221 181 182 222 379 389
354 3 60 19 18 283 -1
355 4 220 84 25 157 372 507
356 4 18 19 121 117 283 -1
357 4 208 108 31 154 312 337
358 3 88 92 180 301 302
359 4 188 124 35 149 317 347
360 4 19 60 181 121 283 343
361 4 222 246 247 223 495 535
362 4 117 121 122 118 284 -1
363 4 181 117 118 182 284 389
364 4 250 210 211 251 520 545
365 3 119 123 183 285 286
366 4 118 122 123 119 285 -1
367 4 17 18 117 113 363 -1
368 4 182 118 119 183 285 390
369 4 119 123 124 120 286 -1
370 4 68 21 129 213 358 498
371 4 23 24 141 137 318 -1
372 4 123 183 184 124 286 346
373 4 65 78 253 201 523 528
374 4 183 119 120 184 286 391
375 4 120 124 35 34 287 -1
376 3 138 142 210 319 320
377 3 69 10 9 368 -1
378 4 207 175 176 208 336 461
379 4 124 184 148 35 287 347
380 4 256 228 159 166 492 532
381 3 57 23 22 288 -1
382 4 140 144 40 39 322 -1
383 3 133 137 169 288 289
384 4 120 224 158 34 367 392
385 4 23 57 169 137 288 348
386 4 57 22 133 169 288 383
387 4 95 227 228 96 376 491
388 3 75 4 20 433 -1
389 4 84 88 26 25 372 -1
390 3 193 197 261 468 469
391 3 134 138 170 289 290
392 3 175 107 207 335 336
393 3 33 34 158 367 -1
394 4 202 254 255 203 525 530
395 3 118 182 222 389 390
396 4 133 137 138 134 289 -1
397 4 250 42 43 251 425 430
398 4 246 50 51 247 420 440
399 4 137 169 170 138 289 349
400 3 127 55 243 435 436
401 4 169 133 134 170 289 384
402 3 81 85 217 368 369
403 3 135 139 171 290 291
404 3 50 114 246 419 420
405 4 138 170 171 139 290 350
406 4 235 263 264 236 486 561
407 4 208 176 146 154 337 462
408 3 136 140 172 291 292
409 3 62 61 60 328 -1
410 3 45 97 253 443 444
411 4 171 135 136 172 291 386
412 4 244 188 149 163 517 542
413 4 191 195 196 192 296 306
414 4 192 200 152 150 307 467
415 3 38 39 145 292 -1
416 3 120 184 224 391 392
417 4 136 140 39 38 292 -1
418 4 128 56 8 36 437 -1
419 4 140 172 145 39 292 352
420 3 217 177 237 353 354
421 4 172 136 38 145 292 387
422 4 190 198 199 191 305 465
423 4 230 198 199 231 480 550
424 3 63 62 60 293 -1
425 3 183 195 223 380 381
426 3 181 189 193 293 294
427 4 111 207 208 112 311 511
428 3 172 140 212 351 352
429 4 249 141 142 250 429 519
430 4 192 196 151 150 297 307
431 4 60 62 189 181 293 328
432 4 62 63 193 189 293 303
433 4 63 60 181 193 293 378
434 3 26 147 157 397 -1
435 3 182 190 194 294 295
436 4 181 189 190 182 294 329
437 4 189 193 194 190 294 304
438 4 254 226 227 255 490 530
439 4 193 181 182 194 294 379
440 3 102 174 202 324 325
441 4 182 190 191 183 295 330
442 4 190 194 195 191 295 305
443 4 66 58 173 205 333 458
444 4 204 256 166 153 527 532
445 4 194 182 183 195 295 380
446 3 85 89 177 298 299
447 4 97 253 254 98 444 524
448 3 184 192 196 296 297
449 4 11 12 93 89 373 -1
450 4 183 191 192 184 296 331
451 3 203 227 255 530 531
452 3 148 150 151 297 -1
453 4 132 136 38 37 362 -1
454 4 184 192 150 148 297 332
455 3 197 189 257 463 464
456 4 196 184 148 151 297 382
457 4 256 48 6 166 447 452
458 3 59 11 10 298 -1
459 4 10 11 89 85 298 -1
460 3 182 122 186 344 345
461 4 11 59 177 89 298 398
462 3 86 90 178 299 300
463 4 89 177 178 90 299 399
464 4 67 23 137 209 318 348
465 3 129 133 213 358 359
466 3 87 91 179 300 301
467 3 230 198 258 479 480
468 4 86 90 91 87 300 -1
469 4 90 178 179 91 300 400
470 4 178 86 87 179 300 395
471 4 83 87 88 84 371 -1
472 4 91 179 180 92 301 401
473 4 199 195 196 200 306 471
474 3 213 169 257 473 474
475 3 26 27 147 302 -1
476 4 3 17 113 49 418 -1
477 4 201 97 98 202 339 524
478 4 88 92 27 26 302 -1
479 4 92 180 147 27 302 402
480 3 77 67 69 543 -1
481 4 180 88 26 147 302 397
482 4 202 102 103 203 325 340
483 3 186 126 242 514 515
484 3 64 62 63 303 -1
485 3 146 31 154 337 -1
486 3 193 189 197 303 304
487 3 173 105 205 333 334
488 3 219 211 251 545 546
489 3 216 172 260 476 477
490 3 202 174 234 409 410
491 4 144 212 155 40 322 522
492 3 158 154 164 537 -1
493 4 62 64 197 189 303 463
494 4 189 197 198 190 304 464
495 4 197 193 194 198 304 469
496 4 198 194 195 199 305 470
497 3 196 192 200 306 307
498 3 84 88 220 371 372
499 4 221 113 114 222 364 494
500 4 191 199 200 192 306 466
501 3 151 150 152 307 -1
502 3 37 38 156 362 -1
503 4 16 66 205 109 308 508
504 4 66 15 105 205 308 333
505 3 106 110 206 309 310
506 4 80 58 173 261 458 558
507 4 105 109 110 106 309 -1
508 4 109 205 206 110 309 509
509 3 234 174 262 559 560
510 3 169 209 229 403 404
511 4 205 105 106 206 309 334
512 3 76 70 17 493 -1
513 3 107 111 207 310 311
514 3 65 58 14 323 -1
515 4 106 110 111 107 310 -1
516 4 68 75 241 213 498 538
517 4 110 206 207 111 310 510
518 3 176 108 208 336 337
519 3 149 36 163 517 -1
520 3 108 112 208 311 312
521 4 72 57 169 229 403 553
522 4 107 111 112 108 311 -1
523 3 93 45 253 448 449
524 3 31 32 154 312 -1
525 3 97 101 201 338 339
526 4 78 2 45 253 443 448
527 4 108 112 32 31 312 -1
528 4 70 76 245 221 493 533
529 4 112 208 154 32 312 512
530 4 9 10 85 81 368 -1
531 4 229 197 198 230 479 549
532 3 121 125 185 313 314
533 4 19 20 125 121 313 -1
534 4 123 127 128 124 316 -1
535 4 242 54 55 243 415 435
536 4 20 61 185 125 313 513
537 4 201 253 254 202 524 529
538 4 61 19 121 185 313 343
539 4 224 116 33 158 367 497
540 3 91 95 227 375 376
541 3 122 126 186 314 315
542 3 223 207 247 535 536
543 3 187 127 243 515 516
544 3 76 16 66 508 -1
545 4 121 125 126 122 314 -1
546 4 122 126 127 123 315 -1
547 4 253 225 226 254 489 529
548 4 13 78 253 97 443 523
549 4 126 186 187 127 315 515
550 4 186 122 123 187 315 345
551 4 244 128 36 163 437 517
552 3 124 128 188 316 317
553 4 124 128 36 35 317 -1
554 4 42 82 83 43 425 -1
555 4 127 187 188 128 316 516
556 4 128 188 149 36 317 517
557 4 222 114 115 223 365 495
558 3 137 141 209 318 319
559 4 24 67 209 141 318 518
560 4 141 209 210 142 319 519
561 4 209 137 138 210 319 349
562 3 139 143 211 320 321
563 3 143 43 251 430 431
564 4 210 138 139 211 320 350
565 4 143 211 212 144 321 521
566 3 39 40 155 322 -1
567 4 65 14 101 201 323 338
568 4 173 201 202 174 324 409
569 3 103 175 203 325 326
570 4 174 202 203 175 325 410
571 4 250 142 143 251 430 520
572 3 104 176 204 326 327
573 4 203 103 104 204 326 341
574 4 204 104 30 153 327 342
575 4 100 256 166 29 447 527
576 3 181 185 189 328 329
577 3 170 230 258 554 555
578 4 248 52 7 164 422 442
579 4 60 61 185 181 328 343
580 4 183 187 188 184 331 346
581 4 52 116 33 7 422 -1
582 3 148 149 150 332 -1
583 4 111 51 52 112 441 -1
584 4 184 188 149 148 332 347
585 3 66 15 58 333 -1
586 3 183 123 187 345 346
587 4 113 117 118 114 364 -1
588 4 110 50 51 111 440 -1
589 4 205 173 174 206 334 459
590 4 206 174 175 207 335 460
591 4 130 134 135 131 360 -1
592 3 98 102 202 339 340
593 4 97 101 102 98 339 -1
594 4 98 102 103 99 340 -1
595 3 100 104 204 341 342
596 4 242 186 187 243 515 540
597 3 29 30 153 342 -1
598 3 181 121 185 343 344
599 3 81 217 249 503 504
600 3 71 11 59 398 -1
601 3 184 124 188 346 347
602 3 148 35 149 347 -1
603 3 67 23 57 348 -1
604 3 157 155 165 547 -1
605 3 169 137 209 348 349
606 3 170 138 210 349 350
607 3 171 139 211 350 351
608 4 220 180 147 157 357 397
609 4 210 170 171 211 350 405
610 3 145 39 155 352 -1
611 4 69 59 177 217 353 393
612 4 217 177 178 218 354 394
613 3 219 179 239 355 356
614 4 219 179 180 220 356 396
615 3 157 147 162 357 -1
616 4 248 208 154 164 512 537
617 4 21 22 133 129 358 -1
618 4 251 43 44 252 426 431
619 3 130 134 214 359 360
620 3 133 169 213 383 384
621 4 129 133 134 130 359 -1
622 4 21 75 241 129 413 498
623 4 133 213 214 134 359 384
624 4 217 81 82 218 369 504
625 4 213 129 130 214 359 499
626 3 131 135 215 360 361
627 4 134 214 215 135 360 385
628 3 83 219 251 505 506
629 4 214 130 131 215 360 500
630 3 132 136 216 361 362
631 4 135 215 216 136 361 386
632 4 69 9 81 217 368 503
633 4 215 131 132 216 361 501
634 4 136 216 156 38 362 387
635 4 216 132 37 156 362 502
636 3 70 18 17 363 -1
637 3 113 117 221 363 364
638 3 204 228 256 531 532
639 3 78 13 2 443 -1
640 4 70 17 113 221 363 493
641 4 172 260 167 145 477 557
642 3 114 118 222 364 365
643 4 251 143 144 252 431 521
644 4 117 221 222 118 364 389
645 4 72 64 197 229 478 548
646 4 115 119 120 116 366 -1
647 4 223 115 116 224 366 496
648 3 25 26 157 372 -1
649 4 116 120 34 33 367 -1
650 3 47 99 255 445 446
651 4 10 69 217 85 368 393
652 3 77 69 9 503 -1
653 3 82 86 218 369 370
654 3 92 96 228 376 377
655 3 83 87 219 370 371
656 4 24 1 41 141 428 -1
657 4 86 218 219 87 370 395
658 4 200 240 162 152 457 552
659 4 87 219 220 88 371 396
660 4 88 220 157 26 372 397
661 3 71 12 11 373 -1
662 4 12 71 225 93 373 488
663 3 222 206 246 534 535
664 4 71 11 89 225 373 398
665 3 90 94 226 374 375
666 4 225 89 90 226 374 399
667 4 94 226 227 95 375 490
668 3 82 218 250 504 505
669 4 226 90 91 227 375 400
670 4 227 91 92 228 376 401
671 3 156 145 167 477 -1
672 3 27 28 159 377 -1
673 3 70 63 60 378 -1
674 3 181 193 221 378 379
675 3 182 194 222 379 380
676 4 222 182 183 223 380 390
677 3 184 196 224 381 382
678 3 177 89 225 398 399
679 3 148 151 158 382 -1
680 4 51 115 116 52 421 -1
681 4 224 184 148 158 382 392
682 3 68 57 22 383 -1
683 4 169 213 214 170 384 474
684 4 64 74 237 197 453 548
685 4 170 214 215 171 385 475
686 4 75 61 185 241 513 538
687 3 136 172 216 386 387
688 3 38 145 156 387 -1
689 4 20 4 53 125 433 -1
690 4 172 216 156 145 387 477
691 3 70 60 18 388 -1
692 3 117 181 221 388 389
693 4 255 227 228 256 491 531
694 3 119 183 223 390 391
695 3 34 148 158 392 -1
696 3 69 59 10 393 -1
697 3 52 116 248 421 422
698 4 54 130 131 55 415 -1
699 3 85 177 217 393 394
700 3 86 178 218 394 395
701 3 87 179 219 395 396
702 3 88 180 220 396 397
703 3 178 90 226 399 400
704 3 180 92 228 401 402
705 3 218 210 250 544 545
706 3 147 27 159 402 -1
707 4 197 261 262 198 469 484
708 3 72 67 57 403 -1
709 3 171 211 231 405 406
710 4 230 170 171 231 405 555
711 3 172 212 232 406 407
712 4 45 97 98 46 444 -1
713 4 231 171 172 232 406 556
714 4 213 241 242 214 499 539
715 3 145 155 160 407 -1
716 4 232 172 145 160 407 557
717 4 114 246 247 115 420 495
718 3 73 58 65 408 -1
719 4 203 255 256 204 526 531
720 3 201 173 233 408 409
721 4 58 73 233 173 408 558
722 4 173 233 234 174 409 559
723 4 174 234 235 175 410 560
724 3 204 176 236 411 412
725 3 233 197 237 453 454
726 4 175 235 236 176 411 561
727 3 153 146 161 412 -1
728 4 176 236 161 146 412 562
729 3 78 71 65 528 -1
730 3 75 21 4 413 -1
731 4 4 21 129 53 413 -1
732 3 54 130 242 414 415
733 4 44 84 25 5 427 -1
734 4 53 129 130 54 414 -1
735 3 154 32 164 512 -1
736 4 129 241 242 130 414 499
737 4 241 53 54 242 414 434
738 3 55 131 243 415 416
739 4 130 242 243 131 415 500
740 4 79 64 197 257 463 478
741 4 55 131 132 56 416 -1
742 3 8 37 163 417 -1
743 4 56 132 37 8 417 -1
744 3 141 41 249 428 429
745 4 132 244 163 37 417 502
746 4 41 81 82 42 424 -1
747 4 244 56 8 163 417 437
748 3 76 17 3 418 -1
749 3 49 113 245 418 419
750 4 17 76 245 113 418 493
751 4 76 3 49 245 418 438
752 3 202 226 254 529 530
753 4 113 245 246 114 419 494
754 4 245 49 50 246 419 439
755 3 51 115 247 420 421
756 4 115 247 248 116 421 496
757 4 95 47 48 96 451 -1
758 4 247 51 52 248 421 441
759 3 7 33 164 422 -1
760 4 116 248 164 33 422 497
761 3 77 9 1 423 -1
762 3 228 96 256 491 492
763 3 41 81 249 423 424
764 3 80 64 63 468 -1
765 4 48 100 29 6 447 -1
766 4 1 9 81 41 423 -1
767 4 9 77 249 81 423 503
768 3 42 82 250 424 425
769 4 81 249 250 82 424 504
770 4 249 41 42 250 424 429
771 3 43 83 251 425 426
772 4 82 250 251 83 425 505
773 4 43 83 84 44 426 -1
774 4 83 251 252 84 426 506
775 4 242 126 127 243 435 515
776 3 5 25 165 427 -1
777 4 198 238 239 199 455 550
778 4 84 252 165 25 427 507
779 4 252 44 5 165 427 432
780 3 77 1 24 428 -1
781 4 77 24 141 249 428 518
782 3 142 42 250 429 430
783 4 257 229 230 258 479 554
784 4 141 41 42 142 429 -1
785 3 144 44 252 431 432
786 4 143 43 44 144 431 -1
787 3 40 5 165 432 -1
788 4 144 44 5 40 432 -1
789 4 252 144 40 165 432 522
790 3 125 53 241 433 434
791 4 75 20 125 241 433 513
792 4 259 231 232 260 481 556
793 4 254 94 95 255 450 490
794 3 126 54 242 434 435
795 4 125 53 54 126 434 -1
796 4 241 125 126 242 434 514
797 4 126 54 55 127 435 -1
798 4 127 55 56 128 436 -1
799 3 161 152 162 457 -1
800 4 243 127 128 244 436 516
801 4 253 45 46 254 444 449
802 3 109 49 245 438 439
803 4 220 252 165 157 507 547
804 4 16 3 49 109 438 -1
805 3 159 28 166 492 -1
806 3 110 50 246 439 440
807 4 245 109 110 246 439 509
808 3 33 158 164 497 -1
809 3 112 52 248 441 442
810 4 247 111 112 248 441 511
811 4 232 200 152 160 482 552
812 3 32 7 164 442 -1
813 3 160 152 167 482 -1
814 4 248 112 32 164 442 512
815 3 232 200 260 481 482
816 4 2 13 97 45 443 -1
817 4 254 46 47 255 445 450
818 4 99 255 256 100 446 526
819 4 255 47 48 256 446 451
820 3 6 29 166 447 -1
821 3 78 2 12 448 -1
822 4 93 45 46 94 449 -1
823 4 253 93 94 254 449 489
824 3 96 48 256 451 452
825 4 234 262 263 235 485 560
826 4 255 95 96 256 451 491
827 4 96 48 6 28 452 -1
828 4 256 96 28 166 452 492
829 3 234 198 238 454 455
830 3 37 156 163 502 -1
831 4 197 237 238 198 454 549
832 3 235 199 239 455 456
833 4 234 198 199 235 455 485
834 3 216 188 244 541 542
835 3 215 187 243 540 541
836 4 241 185 186 242 514 539
837 3 215 171 259 475 476
838 3 236 200 240 456 457
839 4 199 239 240 200 456 551
840 3 80 66 58 458 -1
841 3 173 205 261 458 459
842 3 174 206 262 459 460
843 4 261 173 174 262 459 559
844 3 175 207 263 460 461
845 4 262 174 175 263 460 560
846 4 221 245 246 222 494 534
847 3 176 208 264 461 462
848 4 263 175 176 264 461 561
849 3 146 154 168 462 -1
850 4 264 176 146 168 462 562
851 3 79 62 64 463 -1
852 4 257 197 198 258 464 479
853 3 199 191 259 465 466
854 4 258 198 199 259 465 480
855 3 200 192 260 466 467
856 3 152 150 167 467 -1
857 4 260 200 152 167 467 482
858 3 185 125 241 513 514
859 4 64 80 261 197 468 483
860 3 194 198 262 469 470
861 4 199 263 264 200 471 486
862 4 198 262 263 199 470 485
863 3 151 152 168 472 -1
864 4 200 264 168 152 472 487
865 3 79 57 68 473 -1
866 4 57 79 257 169 473 553
867 3 214 170 258 474 475
868 4 169 257 258 170 474 554
869 4 170 258 259 171 475 555
870 3 79 64 72 478 -1
871 3 80 73 64 483 -1
872 3 229 197 257 478 479
873 4 79 72 229 257 478 553
874 3 197 229 237 548 549
875 3 231 199 259 480 481
876 3 206 110 246 509 510
877 4 258 230 231 259 480 555
878 4 231 199 200 232 481 551
879 4 224 248 164 158 497 537
880 4 260 232 160 167 482 557
881 3 197 233 261 483 484
882 4 73 80 261 233 483 558
883 3 212 144 252 521 522
884 4 233 261 262 234 484 559
885 3 199 235 263 485 486
886 3 78 12 71 488 -1
887 3 200 236 264 486 487
888 3 152 161 168 487 -1
889 3 199 231 239 550 551
890 4 78 71 225 253 488 528
891 3 227 95 255 490 491
892 3 114 222 246 494 495
893 3 115 223 247 495 496
894 3 116 224 248 496 497
895 4 223 247 248 224 496 536
896 3 75 68 21 498 -1
897 3 129 213 241 498 499
898 3 25 157 165 507 -1
899 3 130 214 242 499 500
900 3 131 215 243 500 501
901 4 214 242 243 215 500 540
902 4 215 243 244 216 501 541
903 4 216 244 163 156 502 542
904 4 69 77 249 217 503 543
905 4 217 249 250 218 504 544
906 4 218 250 251 219 505 545
907 3 84 220 252 506 507
908 3 205 109 245 508 509
909 4 76 66 205 245 508 533
910 4 245 205 206 246 509 534
911 3 233 173 261 558 559
912 3 207 111 247 510 511
913 4 246 206 207 247 510 535
914 3 75 20 61 513 -1
915 3 188 128 244 516 517
916 3 209 141 249 518 519
917 4 77 67 209 249 518 543
918 3 211 143 251 520 521
919 4 251 211 212 252 521 546
920 3 155 40 165 522 -1
921 4 252 212 155 165 522 547
922 3 78 65 13 523 -1
923 3 97 201 253 523 524
924 3 100 204 256 526 527
925 3 29 153 166 527 -1
926 3 201 225 253 528 529
927 3 224 208 248 536 537
928 3 75 61 68 538 -1
929 3 214 186 242 539 540
930 3 217 209 249 543 544
931 3 220 212 252 546 547
932 3 198 230 238 549 550
933 3 200 232 240 551 552
934 3 152 160 162 552 -1
935 3 169 229 257 553 554
936 3 171 231 259 555 556
937 3 172 232 260 556 557
938 3 145 160 167 557 -1
939 3 235 175 263 560 561
940 3 236 176 264 561 562
941 3 161 146 168 562 -1
