233 0.00419697 0.610442 0.291741 0.1 1
234 0.00419697 0.610442 0.291741 0.3 0
235 0.00419697 0.610442 0.291741 0.5 0
236 0.00419697 0.610442 0.291741 0.7 0
237 0.00419697 0.610442 0.291741 0.9 1
238 0.00362106 0.552241 0.207425 0.1 1
239 0.00362106 0.552241 0.207425 0.3 0
240 0.00362106 0.552241 0.207425 0.5 0
241 0.00362106 0.552241 0.207425 0.7 0
242 0.00362106 0.552241 0.207425 0.9 1
243 0.00320372 0.295033 0.72836 0.1 1
244 0.00320372 0.295033 0.72836 0.3 0
245 0.00320372 0.295033 0.72836 0.5 0
246 0.00320372 0.295033 0.72836 0.7 0
247 0.00320372 0.295033 0.72836 0.9 1
248 0.00316141 0.371376 0.297107 0.1 1
249 0.00316141 0.371376 0.297107 0.3 0
250 0.00316141 0.371376 0.297107 0.5 0
251 0.00316141 0.371376 0.297107 0.7 0
252 0.00316141 0.371376 0.297107 0.9 1
253 0.00342102 0.703126 0.735223 0.1 1
254 0.00342102 0.703126 0.735223 0.3 0
255 0.00342102 0.703126 0.735223 0.5 0
256 0.00342102 0.703126 0.735223 0.7 0
257 0.00342102 0.703126 0.735223 0.9 1
258 0.00300502 0.268876 0.291341 0.1 1
259 0.00300502 0.268876 0.291341 0.3 0
260 0.00300502 0.268876 0.291341 0.5 0
261 0.00300502 0.268876 0.291341 0.7 0
262 0.00300502 0.268876 0.291341 0.9 1
263 0.00330099 0.72834 0.285999 0.1 1
264 0.00330099 0.72834 0.285999 0.3 0
265 0.00330099 0.72834 0.285999 0.5 0
266 0.00330099 0.72834 0.285999 0.7 0
267 0.00330099 0.72834 0.285999 0.9 1
268 0.00279231 0.298218 0.632058 0.1 1
269 0.00279231 0.298218 0.632058 0.3 0
270 0.00279231 0.298218 0.632058 0.5 0
271 0.00279231 0.298218 0.632058 0.7 0
272 0.00279231 0.298218 0.632058 0.9 1
273 0.00299027 0.701533 0.635489 0.1 1
274 0.00299027 0.701533 0.635489 0.3 0
275 0.00299027 0.701533 0.635489 0.5 0
276 0.00299027 0.701533 0.635489 0.7 0
277 0.00299027 0.701533 0.635489 0.9 1
278 0.00329301 0.945117 0.496767 0.1 1
279 0.00329301 0.945117 0.496767 0.3 1
280 0.00329301 0.945117 0.496767 0.5 1
281 0.00329301 0.945117 0.496767 0.7 1
282 0.00329301 0.945117 0.496767 0.9 1
283 0.00344523 0.499455 0.94258 0.1 1
284 0.00344523 0.499455 0.94258 0.3 1
285 0.00344523 0.499455 0.94258 0.5 1
286 0.00344523 0.499455 0.94258 0.7 1
287 0.00344523 0.499455 0.94258 0.9 1
288 0.00327413 0.0545689 0.496222 0.1 1
289 0.00327413 0.0545689 0.496222 0.3 1
290 0.00327413 0.0545689 0.496222 0.5 1
291 0.00327413 0.0545689 0.496222 0.7 1
292 0.00327413 0.0545689 0.496222 0.9 1
293 0.00315464 0.498242 0.724664 0.1 1
294 0.00315464 0.498242 0.724664 0.3 0
295 0.00315464 0.498242 0.724664 0.5 0
296 0.00315464 0.498242 0.724664 0.7 0
297 0.00315464 0.498242 0.724664 0.9 1
298 0.00264752 0.497973 0.0441253 0.1 1
299 0.00264752 0.497973 0.0441253 0.3 1
300 0.00264752 0.497973 0.0441253 0.5 1
301 0.00264752 0.497973 0.0441253 0.7 1
302 0.00264752 0.497973 0.0441253 0.9 1
303 0.00393361 0.498787 0.608879 0.1 1
304 0.00393361 0.498787 0.608879 0.3 0
305 0.00393361 0.498787 0.608879 0.5 0
306 0.00393361 0.498787 0.608879 0.7 0
307 0.00393361 0.498787 0.608879 0.9 1
308 0.00370601 0.938233 0.696383 0.1 1
309 0.00370601 0.938233 0.696383 0.3 1
310 0.00370601 0.938233 0.696383 0.5 1
311 0.00370601 0.938233 0.696383 0.7 1
312 0.00370601 0.938233 0.696383 0.9 1
313 0.00338594 0.300249 0.943568 0.1 1
314 0.00338594 0.300249 0.943568 0.3 1
315 0.00338594 0.300249 0.943568 0.5 1
316 0.00338594 0.300249 0.943568 0.7 1
317 0.00338594 0.300249 0.943568 0.9 1
318 0.00338764 0.0564607 0.300038 0.1 1
319 0.00338764 0.0564607 0.300038 0.3 1
320 0.00338764 0.0564607 0.300038 0.5 1
321 0.00338764 0.0564607 0.300038 0.7 1
322 0.00338764 0.0564607 0.300038 0.9 1
323 0.00317335 0.888642 0.396828 0.1 1
324 0.00317335 0.888642 0.396828 0.3 0
325 0.00317335 0.888642 0.396828 0.5 0
326 0.00317335 0.888642 0.396828 0.7 0
327 0.00317335 0.888642 0.396828 0.9 1
328 0.00313297 0.398424 0.776392 0.1 1
329 0.00313297 0.398424 0.776392 0.3 0
330 0.00313297 0.398424 0.776392 0.5 0
331 0.00313297 0.398424 0.776392 0.7 0
332 0.00313297 0.398424 0.776392 0.9 1
333 0.0035006 0.88335 0.59315 0.1 1
334 0.0035006 0.88335 0.59315 0.3 0
335 0.0035006 0.88335 0.59315 0.5 0
336 0.0035006 0.88335 0.59315 0.7 0
337 0.0035006 0.88335 0.59315 0.9 1
338 0.00338846 0.943526 0.300061 0.1 1
339 0.00338846 0.943526 0.300061 0.3 1
340 0.00338846 0.943526 0.300061 0.5 1
341 0.00338846 0.943526 0.300061 0.7 1
342 0.00338846 0.943526 0.300061 0.9 1
343 0.00337502 0.399705 0.886147 0.1 1
344 0.00337502 0.399705 0.886147 0.3 0
345 0.00337502 0.399705 0.886147 0.5 0
346 0.00337502 0.399705 0.886147 0.7 0
347 0.00337502 0.399705 0.886147 0.9 1
348 0.00313704 0.11103 0.39626 0.1 1
349 0.00313704 0.11103 0.39626 0.3 0
350 0.00313704 0.11103 0.39626 0.5 0
351 0.00313704 0.11103 0.39626 0.7 0
352 0.00313704 0.11103 0.39626 0.9 1
353 0.00320386 0.428862 0.212105 0.1 1
354 0.00320386 0.428862 0.212105 0.3 0
355 0.00320386 0.428862 0.212105 0.5 0
356 0.00320386 0.428862 0.212105 0.7 0
357 0.00320386 0.428862 0.212105 0.9 1
358 0.00376379 0.0627299 0.694547 0.1 1
359 0.00376379 0.0627299 0.694547 0.3 1
360 0.00376379 0.0627299 0.694547 0.5 1
361 0.00376379 0.0627299 0.694547 0.7 1
362 0.00376379 0.0627299 0.694547 0.9 1
363 0.00318001 0.698159 0.947 0.1 1
364 0.00318001 0.698159 0.947 0.3 1
365 0.00318001 0.698159 0.947 0.5 1
366 0.00318001 0.698159 0.947 0.7 1
367 0.00318001 0.698159 0.947 0.9 1
368 0.00373056 0.305262 0.0621759 0.1 1
369 0.00373056 0.305262 0.0621759 0.3 1
370 0.00373056 0.305262 0.0621759 0.5 1
371 0.00373056 0.305262 0.0621759 0.7 1
372 0.00373056 0.305262 0.0621759 0.9 1
373 0.00344975 0.695307 0.0574958 0.1 1
374 0.00344975 0.695307 0.0574958 0.3 1
375 0.00344975 0.695307 0.0574958 0.5 1
376 0.00344975 0.695307 0.0574958 0.7 1
377 0.00344975 0.695307 0.0574958 0.9 1
378 0.00312024 0.597681 0.781419 0.1 1
379 0.00312024 0.597681 0.781419 0.3 0
380 0.00312024 0.597681 0.781419 0.5 0
381 0.00312024 0.597681 0.781419 0.7 0
382 0.00312024 0.597681 0.781419 0.9 1
383 0.00346447 0.117299 0.590769 0.1 1
384 0.00346447 0.117299 0.590769 0.3 0
385 0.00346447 0.117299 0.590769 0.5 0
386 0.00346447 0.117299 0.590769 0.7 0
387 0.00346447 0.117299 0.590769 0.9 1
388 0.00324345 0.597614 0.889579 0.1 1
389 0.00324345 0.597614 0.889579 0.3 0
390 0.00324345 0.597614 0.889579 0.5 0
391 0.00324345 0.597614 0.889579 0.7 0
392 0.00324345 0.597614 0.889579 0.9 1
393 0.00286665 0.403234 0.106301 0.1 1
394 0.00286665 0.403234 0.106301 0.3 0
395 0.00286665 0.403234 0.106301 0.5 0
396 0.00286665 0.403234 0.106301 0.7 0
397 0.00286665 0.403234 0.106301 0.9 1
398 0.00296716 0.59328 0.101621 0.1 1
399 0.00296716 0.59328 0.101621 0.3 0
400 0.00296716 0.59328 0.101621 0.5 0
401 0.00296716 0.59328 0.101621 0.7 0
402 0.00296716 0.59328 0.101621 0.9 1
403 0.00291701 0.218183 0.392053 0.1 1
404 0.00291701 0.218183 0.392053 0.3 0
405 0.00291701 0.218183 0.392053 0.5 0
406 0.00291701 0.218183 0.392053 0.7 0
407 0.00291701 0.218183 0.392053 0.9 1
408 0.00312153 0.77815 0.391936 0.1 1
409 0.00312153 0.77815 0.391936 0.3 0
410 0.00312153 0.77815 0.391936 0.5 0
411 0.00312153 0.77815 0.391936 0.7 0
412 0.00312153 0.77815 0.391936 0.9 1
413 0.0029282 0.0488034 0.88453 0.1 1
414 0.0029282 0.0488034 0.88453 0.3 1
415 0.0029282 0.0488034 0.88453 0.5 1
416 0.0029282 0.0488034 0.88453 0.7 1
417 0.0029282 0.0488034 0.88453 0.9 1
418 0.0029282 0.88453 0.951197 0.1 1
419 0.0029282 0.88453 0.951197 0.3 1
420 0.0029282 0.88453 0.951197 0.5 1
421 0.0029282 0.88453 0.951197 0.7 1
422 0.0029282 0.88453 0.951197 0.9 1
423 0.0029282 0.11547 0.0488034 0.1 1
424 0.0029282 0.11547 0.0488034 0.3 1
425 0.0029282 0.11547 0.0488034 0.5 1
426 0.0029282 0.11547 0.0488034 0.7 1
427 0.0029282 0.11547 0.0488034 0.9 1
428 0.0029282 0.0488034 0.11547 0.1 1
429 0.0029282 0.0488034 0.11547 0.3 1
430 0.0029282 0.0488034 0.11547 0.5 1
431 0.0029282 0.0488034 0.11547 0.7 1
432 0.0029282 0.0488034 0.11547 0.9 1
433 0.0029282 0.11547 0.951197 0.1 1
434 0.0029282 0.11547 0.951197 0.3 1
435 0.0029282 0.11547 0.951197 0.5 1
436 0.0029282 0.11547 0.951197 0.7 1
437 0.0029282 0.11547 0.951197 0.9 1
438 0.0029282 0.951197 0.88453 0.1 1
439 0.0029282 0.951197 0.88453 0.3 1
440 0.0029282 0.951197 0.88453 0.5 1
441 0.0029282 0.951197 0.88453 0.7 1
442 0.0029282 0.951197 0.88453 0.9 1
443 0.0029282 0.951197 0.11547 0.1 1
444 0.0029282 0.951197 0.11547 0.3 1
445 0.0029282 0.951197 0.11547 0.5 1
446 0.0029282 0.951197 0.11547 0.7 1
447 0.0029282 0.951197 0.11547 0.9 1
448 0.0029282 0.88453 0.0488034 0.1 1
449 0.0029282 0.88453 0.0488034 0.3 1
450 0.0029282 0.88453 0.0488034 0.5 1
451 0.0029282 0.88453 0.0488034 0.7 1
452 0.0029282 0.88453 0.0488034 0.9 1
453 0.00296622 0.548469 0.394374 0.1 1
454 0.00296622 0.548469 0.394374 0.3 0
455 0.00296622 0.548469 0.394374 0.5 0
456 0.00296622 0.548469 0.394374 0.7 0
457 0.00296622 0.548469 0.394374 0.9 1
458 0.00278995 0.779915 0.573749 0.1 1
459 0.00278995 0.779915 0.573749 0.3 0
460 0.00278995 0.779915 0.573749 0.5 0
461 0.00278995 0.779915 0.573749 0.7 0
462 0.00278995 0.779915 0.573749 0.9 1
463 0.00297316 0.402154 0.564306 0.1 1
464 0.00297316 0.402154 0.564306 0.3 0
465 0.00297316 0.402154 0.564306 0.5 0
466 0.00297316 0.402154 0.564306 0.7 0
467 0.00297316 0.402154 0.564306 0.9 1
468 0.00308626 0.596633 0.565901 0.1 1
469 0.00308626 0.596633 0.565901 0.3 0
470 0.00308626 0.596633 0.565901 0.5 0
471 0.00308626 0.596633 0.565901 0.7 0
472 0.00308626 0.596633 0.565901 0.9 1
473 0.0027282 0.220733 0.571368 0.1 1
474 0.0027282 0.220733 0.571368 0.3 0
475 0.0027282 0.220733 0.571368 0.5 0
476 0.0027282 0.220733 0.571368 0.7 0
477 0.0027282 0.220733 0.571368 0.9 1
478 0.00286072 0.377255 0.469855 0.1 1
479 0.00286072 0.377255 0.469855 0.3 0
480 0.00286072 0.377255 0.469855 0.5 0
481 0.00286072 0.377255 0.469855 0.7 0
482 0.00286072 0.377255 0.469855 0.9 1
483 0.00283821 0.619407 0.469169 0.1 1
484 0.00283821 0.619407 0.469169 0.3 0
485 0.00283821 0.619407 0.469169 0.5 0
486 0.00283821 0.619407 0.469169 0.7 0
487 0.00283821 0.619407 0.469169 0.9 1
488 0.00259459 0.779837 0.106299 0.1 1
489 0.00259459 0.779837 0.106299 0.3 0
490 0.00259459 0.779837 0.106299 0.5 0
491 0.00259459 0.779837 0.106299 0.7 0
492 0.00259459 0.779837 0.106299 0.9 1
493 0.00239706 0.782689 0.898196 0.1 1
494 0.00239706 0.782689 0.898196 0.3 0
495 0.00239706 0.782689 0.898196 0.5 0
496 0.00239706 0.782689 0.898196 0.7 0
497 0.00239706 0.782689 0.898196 0.9 1
498 0.00271211 0.111533 0.779077 0.1 1
499 0.00271211 0.111533 0.779077 0.3 0
500 0.00271211 0.111533 0.779077 0.5 0
501 0.00271211 0.111533 0.779077 0.7 0
502 0.00271211 0.111533 0.779077 0.9 1
503 0.0026948 0.220732 0.110979 0.1 1
504 0.0026948 0.220732 0.110979 0.3 0
505 0.0026948 0.220732 0.110979 0.5 0
506 0.0026948 0.220732 0.110979 0.7 0
507 0.0026948 0.220732 0.110979 0.9 1
508 0.00261599 0.88943 0.780913 0.1 1
509 0.00261599 0.88943 0.780913 0.3 0
510 0.00261599 0.88943 0.780913 0.5 0
511 0.00261599 0.88943 0.780913 0.7 0
512 0.00261599 0.88943 0.780913 0.9 1
513 0.00238232 0.215719 0.894764 0.1 1
514 0.00238232 0.215719 0.894764 0.3 0
515 0.00238232 0.215719 0.894764 0.5 0
516 0.00238232 0.215719 0.894764 0.7 0
517 0.00238232 0.215719 0.894764 0.9 1
518 0.00237348 0.105264 0.215508 0.1 1
519 0.00237348 0.105264 0.215508 0.3 0
520 0.00237348 0.105264 0.215508 0.5 0
521 0.00237348 0.105264 0.215508 0.7 0
522 0.00237348 0.105264 0.215508 0.9 1
523 0.00237474 0.894722 0.215532 0.1 1
524 0.00237474 0.894722 0.215532 0.3 0
525 0.00237474 0.894722 0.215532 0.5 0
526 0.00237474 0.894722 0.215532 0.7 0
527 0.00237474 0.894722 0.215532 0.9 1
528 0.0025183 0.790029 0.206361 0.1 1
529 0.0025183 0.790029 0.206361 0.3 0
530 0.0025183 0.790029 0.206361 0.5 0
531 0.0025183 0.790029 0.206361 0.7 0
532 0.0025183 0.790029 0.206361 0.9 1
533 0.00256751 0.787589 0.79458 0.1 1
534 0.00256751 0.787589 0.79458 0.3 0
535 0.00256751 0.787589 0.79458 0.5 0
536 0.00256751 0.787589 0.79458 0.7 0
537 0.00256751 0.787589 0.79458 0.9 1
538 0.00252733 0.211783 0.789311 0.1 1
539 0.00252733 0.211783 0.789311 0.3 0
540 0.00252733 0.211783 0.789311 0.5 0
541 0.00252733 0.211783 0.789311 0.7 0
542 0.00252733 0.211783 0.789311 0.9 1
543 0.00251118 0.210526 0.211017 0.1 1
544 0.00251118 0.210526 0.211017 0.3 0
545 0.00251118 0.210526 0.211017 0.5 0
546 0.00251118 0.210526 0.211017 0.7 0
547 0.00251118 0.210526 0.211017 0.9 1
548 0.00269471 0.432782 0.395059 0.1 1
549 0.00269471 0.432782 0.395059 0.3 0
550 0.00269471 0.432782 0.395059 0.5 0
551 0.00269471 0.432782 0.395059 0.7 0
552 0.00269471 0.432782 0.395059 0.9 1
553 0.00232299 0.265157 0.472615 0.1 1
554 0.00232299 0.265157 0.472615 0.3 0
555 0.00232299 0.265157 0.472615 0.5 0
556 0.00232299 0.265157 0.472615 0.7 0
557 0.00232299 0.265157 0.472615 0.9 1
558 0.00238812 0.73119 0.472474 0.1 1
559 0.00238812 0.73119 0.472474 0.3 0
560 0.00238812 0.73119 0.472474 0.5 0
561 0.00238812 0.73119 0.472474 0.7 0
562 0.00238812 0.73119 0.472474 0.9 1
