id  x  y  fracA  segA  fracB  segB
1 0.445326 0.467234 1 2 3 8
2 0.371107 0.577308 1 5 9 19
3 0.266242 0.732837 1 10 11 16
4 0.352593 0.604767 1 8 13 5
5 0.427436 0.493767 1 3 17 21
6 0.242877 0.767489 1 13 19 9
7 0.315381 0.659958 1 9 21 2
8 0.352954 0.604232 1 7 24 7
9 0.461278 0.443574 1 1 26 20
10 0.338911 0.537854 2 6 3 4
11 0.630296 0.263651 2 15 10 8
12 0.551279 0.338009 2 13 12 7
13 0.139047 0.725934 2 1 13 1
14 0.642949 0.251744 2 16 16 5
15 0.399843 0.480515 2 9 17 23
16 0.196481 0.671886 2 3 19 4
17 0.469322 0.415133 2 11 23 21
18 0.394587 0.485461 2 8 24 12
19 0.455837 0.427823 2 10 26 21
20 0.507429 0.379273 2 12 29 10
21 0.687358 0.306612 3 14 10 9
22 0.519262 0.418167 3 11 12 9
23 0.414619 0.487611 3 7 17 22
24 0.181978 0.642001 3 1 19 3
25 0.502759 0.429119 3 10 23 20
26 0.387532 0.505588 3 5 24 10
27 0.464952 0.454209 3 9 26 19
28 0.54315 0.402314 3 12 29 12
29 0.482801 0.743482 4 1 7 2
30 0.719209 0.544437 4 8 9 11
31 0.921475 0.374139 4 15 14 11
32 0.943851 0.355299 4 16 15 12
33 0.651549 0.601403 4 6 17 11
34 0.674711 0.581903 4 7 21 11
35 0.813218 0.465286 4 12 22 12
36 0.738874 0.52788 4 10 23 12
37 0.496764 0.731726 4 3 25 9
38 0.546393 0.68994 4 4 26 10
39 0.82659 0.454027 4 13 27 1
40 0.388965 0.973686 5 1 25 15
41 0.634449 0.944816 5 3 26 2
42 0.909107 0.526505 6 9 9 2
43 0.878008 0.607528 6 4 14 4
44 0.891126 0.57335 6 7 15 7
45 0.844744 0.69419 6 3 17 4
46 0.898317 0.554615 6 8 20 2
47 0.885102 0.589045 6 6 23 2
48 0.9599 0.394173 6 10 30 1
49 0.69847 0.623938 7 7 17 10
50 0.717684 0.613288 7 8 22 6
51 0.814613 0.559561 7 12 23 6
52 0.494387 0.73706 7 4 25 10
53 0.551698 0.705293 7 6 26 8
54 0.744666 0.598332 7 10 27 6
55 0.494204 0.565684 8 7 9 16
56 0.512802 0.534766 8 9 17 16
57 0.300893 0.887037 8 2 19 13
58 0.309524 0.87269 8 3 20 17
59 0.455848 0.629445 8 6 21 6
60 0.500087 0.555905 8 8 26 14
61 0.449422 0.569913 9 17 11 12
62 0.406953 0.573923 9 18 13 8
63 0.892811 0.528044 9 4 14 8
64 0.902298 0.527148 9 3 15 9
65 0.563544 0.559136 9 14 17 15
66 0.95909 0.521785 9 1 20 1
67 0.764913 0.540121 9 9 22 9
68 0.767544 0.539873 9 8 23 10
69 0.362093 0.578159 9 20 24 9
70 0.5741 0.55814 9 13 25 5
71 0.503173 0.564837 9 15 26 13
72 0.778438 0.538844 9 7 27 3
73 0.843775 0.532674 9 5 30 4
74 0.718824 0.330302 10 10 11 4
75 0.592381 0.235105 10 5 12 3
76 0.618678 0.254903 10 7 16 6
77 0.555995 0.207711 10 4 18 2
78 0.505322 0.169559 10 2 24 22
79 0.511799 0.514434 11 9 13 11
80 0.835299 0.226708 11 1 16 1
81 0.497306 0.527324 11 10 17 17
82 0.238175 0.7578 11 19 19 7
83 0.358782 0.65053 11 14 21 4
84 0.574148 0.45898 11 7 23 18
85 0.326733 0.679035 11 15 24 4
86 0.49188 0.53215 11 11 26 15
87 0.598047 0.437724 11 6 29 13
88 0.582597 0.2596 12 5 16 7
89 0.608862 0.193841 12 2 18 1
90 0.513151 0.433466 12 10 23 19
91 0.52919 0.39331 12 8 29 11
92 0.492852 0.525185 13 10 17 18
93 0.204647 0.688712 13 3 19 5
94 0.594517 0.467499 13 13 23 17
95 0.352809 0.604645 13 6 24 6
96 0.621237 0.452338 13 15 25 1
97 0.490027 0.526787 13 9 26 16
98 0.620954 0.452499 13 14 29 14
99 0.861736 0.694898 14 3 15 4
100 0.860462 0.701739 14 2 17 2
101 0.886693 0.560895 14 7 20 4
102 0.941517 0.266525 14 13 22 15
103 0.881714 0.587627 14 6 23 3
104 0.905705 0.458811 14 9 30 3
105 0.860121 0.701575 15 3 17 3
106 0.895257 0.556269 15 8 20 3
107 0.887127 0.589891 15 6 23 1
108 0.924138 0.436826 15 10 30 2
109 0.468556 0.274443 16 10 24 18
110 0.405675 0.282628 16 11 26 26
111 0.365668 0.287835 16 12 29 6
112 0.736332 0.642122 17 7 20 9
113 0.630805 0.59144 17 13 21 9
114 0.707889 0.628462 17 9 22 5
115 0.396828 0.479067 17 24 24 13
116 0.571874 0.563137 17 14 25 6
117 0.488801 0.523239 17 19 26 17
118 0.723346 0.635886 17 8 27 8
119 0.747509 0.64749 17 5 30 9
120 0.485462 0.226215 18 5 24 20
121 0.394435 0.250095 18 7 26 27
122 0.332392 0.266372 18 8 29 5
123 0.29717 0.879364 19 12 20 18
124 0.273562 0.830719 19 11 24 2
125 0.0711757 0.413685 19 1 28 5
126 0.679123 0.673027 20 11 22 4
127 0.85663 0.577135 20 5 23 4
128 0.473403 0.78416 20 16 25 13
129 0.562345 0.736112 20 12 26 7
130 0.712495 0.654999 20 10 27 9
131 0.764991 0.62664 20 7 30 8
132 0.748255 0.565927 21 13 22 8
133 0.801949 0.554263 21 15 23 8
134 0.334907 0.655716 21 3 24 5
135 0.551599 0.608646 21 8 25 7
136 0.520632 0.615372 21 7 26 12
137 0.765146 0.562258 21 14 27 5
138 0.830957 0.547962 21 17 30 5
139 0.765598 0.539059 22 10 23 11
140 0.588861 0.812862 22 2 26 5
141 0.425644 0.396863 23 23 24 14
142 0.611347 0.474539 23 16 25 3
143 0.448434 0.406396 23 22 26 22
144 0.775876 0.543358 23 9 27 4
145 0.819514 0.56161 23 5 30 6
146 0.435463 0.368851 24 15 26 23
147 0.445754 0.339492 24 16 29 9
148 0.532848 0.650733 25 8 26 11
149 0.621118 0.452605 25 2 29 15
150 0.601728 0.850107 26 3 27 12
151 0.419461 0.322533 26 25 29 7
152 0.594696 0.82975 26 4 30 13
153 0.65227 0.761082 27 11 30 12
154 0.124107 0.132025 28 2 29 1
