1.6356022275415646e+02
1.4040284374127683e+02
1.6114316886155231e+02
1.3668719574782060e+02
1.5093486495039454e+02
1.3543151628593972e+02
1.2753870347723242e+02
1.3973784788960089e+02
1.2946589127564064e+02
2.3394144468236078e+02
3.2546090942769399e+02
3.2354402406936532e+02
1.5157217039877591e+02
2.3598343764094153e+02
1.6834716038830973e+02
2.4163214607334362e+02
3.3993520723779977e+02
3.0450762354608548e+02
1.1802559175671971e+02
1.5478226317448269e+02
1.3476653990300872e+02
2.3325420867146178e+02
1.6516881985486577e+02
1.5595438043323853e+02
1.2917483319754479e+02
3.4015061104777772e+02
3.0505272484905913e+02
2.4044404703538231e+02
2.3374069109851303e+02
1.4848064083396619e+02
1.7788454363832633e+02
1.5757606180867089e+02
1.0833499932443475e+02
1.1012603026026810e+02
1.3662312767511614e+02
1.2093126014989579e+02
3.5025001284592668e+02
2.5592365395825527e+02
2.1871325030386123e+02
2.5574003895556410e+02
3.5062898601201971e+02
2.1884589673685599e+02
2.2488146086193296e+02
2.2489755811005466e+02
1.3486526972497018e+02
1.1258744315630713e+02
1.3388933647173275e+02
1.3249689820353424e+02
1.3430849258437954e+02
1.2880466136372524e+02
1.2189434962356505e+02
9.6814339609194334e+01
1.1297078224486781e+02
1.4057106728202029e+02
1.0634357086545529e+02
1.0290125487189383e+02
1.2326199873983697e+02
1.1172296148686428e+02
8.6446399505773812e+01
9.5078676925091528e+01
1.1141163858781287e+02
1.2895199587762622e+02
1.0797740953341854e+02
1.2458588854813151e+02
1.1122571136108877e+02
9.6770320453245546e+01
