1.6131656666291039e+02
1.3939613731075409e+02
1.5934331842156894e+02
1.3411668570550776e+02
1.4685314644120518e+02
1.3145524455056207e+02
1.2666873545012366e+02
1.3850904590417369e+02
1.2721198799482228e+02
2.3129749625062624e+02
2.8693952456703897e+02
2.8468533160080074e+02
1.4898577827002913e+02
2.3292704131390906e+02
1.6600539491101981e+02
2.3512207881604172e+02
3.0873981883623759e+02
2.6400892015906140e+02
1.1686226953205875e+02
1.5240371546146653e+02
1.3235420632610712e+02
2.3233471685401327e+02
1.6648016159082485e+02
1.5262114056818069e+02
1.2583029728640025e+02
3.0962405905369161e+02
2.6444589824905552e+02
2.3399694332317000e+02
2.3280565844117746e+02
1.4430526699304045e+02
1.7734806295960820e+02
1.5434271503790600e+02
1.0650734136544033e+02
1.0870220855759895e+02
1.3379706293652038e+02
1.1958535589020262e+02
3.3102708339746016e+02
2.2917028024487558e+02
1.7961129061768801e+02
2.2904194121443550e+02
3.3178962975165473e+02
1.7980044913012972e+02
2.2461904252590358e+02
2.2460281751211909e+02
1.3296200315069967e+02
1.0957884675263658e+02
1.3123333928828839e+02
1.3087523130104285e+02
1.3279057222890555e+02
1.2654307602529241e+02
1.2014001402862780e+02
9.6478035508266061e+01
1.0474383628374216e+02
1.4075501917650746e+02
1.0142907582098718e+02
9.7913351115970627e+01
1.2388694864288051e+02
1.0375673829551602e+02
8.6124662944711446e+01
9.4182019189840517e+01
1.0623401594731058e+02
1.2772261121605200e+02
1.0261075582481998e+02
1.2182328801368533e+02
1.1049662924847379e+02
9.5228973162226723e+01
