1.6323276735011632e+02
1.4026289196789821e+02
1.6091333610315093e+02
1.3635216941832624e+02
1.5039270560726007e+02
1.3486328523814464e+02
1.2741917110226120e+02
1.3955250245224994e+02
1.2914055775771669e+02
2.3360834588620438e+02
3.1887747985252395e+02
3.1683318394423702e+02
1.5120333810698696e+02
2.3560877275269490e+02
1.6802206807032559e+02
2.4081337229253336e+02
3.3520858004853545e+02
2.9662974755719699e+02
1.1787497844335572e+02
1.5449180278573365e+02
1.3444070806005342e+02
2.3314093039286399e+02
1.6513904436182210e+02
1.5571134656614709e+02
1.2878233825716427e+02
3.3550233904186905e+02
2.9705698716975348e+02
2.3962837547743118e+02
2.3362623341713538e+02
1.4793603073911336e+02
1.7782084234832166e+02
1.5734022371325125e+02
1.0809153368243871e+02
1.0993735216250685e+02
1.3659064114401377e+02
1.2073097457962152e+02
3.4768449894418427e+02
2.4876905184109819e+02
2.1187180388118520e+02
2.4858165310338177e+02
3.4812736765076534e+02
2.1201265773088784e+02
2.2484815717984134e+02
2.2486022767377938e+02
1.3461191346709910e+02
1.1215761219851572e+02
1.3351745664404604e+02
1.3208541616221544e+02
1.3524766926176019e+02
1.2849945294418305e+02
1.2166188663167206e+02
9.6768579082675672e+01
1.1224243201323273e+02
1.4056623380016543e+02
1.0563835590151935e+02
1.0217540072624023e+02
1.2326089560101374e+02
1.1101334595596435e+02
8.6402636185423077e+01
9.4962446222453806e+01
1.1063436133683135e+02
1.2879185506368728e+02
1.0716900694385781e+02
1.2420674419052283e+02
1.1095448651359263e+02
9.6546121475890260e+01
