1.6291924842560132e+02
1.4012698294898760e+02
1.6069339407723089e+02
1.3603728903044518e+02
1.4984720367037536e+02
1.3435943950883834e+02
1.2730706794654688e+02
1.3938421788552316e+02
1.2883484259620221e+02
2.3329148701304391e+02
3.1307096046474180e+02
3.1089267496584682e+02
1.5085355714297881e+02
2.3524196000876933e+02
1.6771645787869639e+02
2.4001066168518071e+02
3.3078736078785585e+02
2.8992018436816556e+02
1.1772930302500960e+02
1.5418916579325020e+02
1.3412833633790740e+02
2.3303055429566268e+02
1.6511693261737778e+02
1.5545188781622895e+02
1.2831534597068875e+02
3.3124074485047288e+02
2.9026356241118390e+02
2.3883101074286759e+02
2.3351468225473070e+02
1.4736598224310040e+02
1.7777259233949206e+02
1.5708882484119894e+02
1.0785885152387993e+02
1.0975458496121200e+02
1.3689592787430425e+02
1.2054714840151058e+02
3.4513742689707777e+02
2.4350627461644098e+02
2.0562143302118909e+02
2.4334232980464063e+02
3.4566675778320757e+02
2.0576947538024510e+02
2.2481574462296908e+02
2.2482384155031207e+02
1.3435698107803933e+02
1.1181668027705973e+02
1.3316496630842323e+02
1.3168863278999891e+02
1.3489390792633839e+02
1.2820890514828480e+02
1.2144322051293476e+02
9.6724700761755699e+01
1.1144922816668598e+02
1.4057341095680079e+02
1.0493208679926376e+02
1.0150743274408734e+02
1.2326913214205833e+02
1.1025086748213403e+02
8.6360466210859599e+01
9.4850000432273887e+01
1.0994262855233374e+02
1.2865319675030335e+02
1.0644123107235426e+02
1.2387444145050247e+02
1.1069716624612445e+02
9.6352648693468339e+01
