1.5953390806720117e+02
1.3867818268305604e+02
1.5795293497245953e+02
1.3225413072939585e+02
1.4556833193966378e+02
1.2860924358354396e+02
1.2599183851323073e+02
1.3764326710018236e+02
1.2555344451918344e+02
2.2915574048053702e+02
2.7026965355044354e+02
2.6817302218250342e+02
1.4705279894226283e+02
2.3049493773352751e+02
1.6428533684291472e+02
2.2969216835363403e+02
2.9183682942980613e+02
2.5071092121374534e+02
1.1599141541088855e+02
1.5044543653497709e+02
1.3042429195009942e+02
2.3154656235181108e+02
1.6533713130330969e+02
1.4685888635321263e+02
1.2340676767082270e+02
2.9292939730892380e+02
2.5141756781368844e+02
2.2867759783217224e+02
2.3198703342747183e+02
1.4150479762876984e+02
1.7582052884819186e+02
1.4869552375782263e+02
1.0509326065210541e+02
1.0759908624183497e+02
1.3101227534596165e+02
1.1851636259665699e+02
3.1805785527099187e+02
2.2550046704198743e+02
1.6769760913006746e+02
2.2539521057601701e+02
3.1901441296669611e+02
1.6792328567852167e+02
2.2440313937046756e+02
2.2436085035905938e+02
1.3158741665097637e+02
1.0735686721486582e+02
1.3035427878370891e+02
1.2861026580882165e+02
1.3049887851381806e+02
1.2626642011968730e+02
1.1878552134499381e+02
9.6220078465526981e+01
9.6342068415090012e+01
1.4102960759907063e+02
9.7625417847051892e+01
9.4693575454832015e+01
1.2502219424735043e+02
9.5506274856403223e+01
8.5880813858759737e+01
9.3519512210985525e+01
1.0265812475065017e+02
1.2652635913270468e+02
9.9023180042131699e+01
1.1977055801488264e+02
1.0913839554398839e+02
9.4089423139826266e+01
