1.6044830515162280e+02
1.3908211021103614e+02
1.5869982064773652e+02
1.3324169330848966e+02
1.4546775122459445e+02
1.3010800630647805e+02
1.2635229671174517e+02
1.3808423274072345e+02
1.2644534655163839e+02
2.3028611809852978e+02
2.7806399649331928e+02
2.7589318556700346e+02
1.4807461039254471e+02
2.3181213314932569e+02
1.6518956409764132e+02
2.3257851740305998e+02
3.0012809242486901e+02
2.5665585307291877e+02
1.1643683099599893e+02
1.5151083920850539e+02
1.3148410562995457e+02
2.3197170034828054e+02
1.6610344483406121e+02
1.5022541160761756e+02
1.2465688178646408e+02
3.0107369732048699e+02
2.5717824623020766e+02
2.3149845754668030e+02
2.3243024691778012e+02
1.4300592175802896e+02
1.7681668979241536e+02
1.5199256551207367e+02
1.0589313534084091e+02
1.0817714558509572e+02
1.3244510445096512e+02
1.1904203556288979e+02
3.2474002103784790e+02
2.2680808810262403e+02
1.7265291660198807e+02
2.2669234868499720e+02
3.2555991132834333e+02
1.7286094212043875e+02
2.2451850505507349e+02
2.2449003492551174e+02
1.3230914366020451e+02
1.0851061549672032e+02
1.3022433109542618e+02
1.2980977518059632e+02
1.3173458418315030e+02
1.2713097566819101e+02
1.1950066514605118e+02
9.6358296730850839e+01
1.0074520524998921e+02
1.4088532601526416e+02
9.9386457377760109e+01
9.6321567344304498e+01
1.2485811334343396e+02
9.9838694995709474e+01
8.6008959715075818e+01
9.3848941936615176e+01
1.0456584226078512e+02
1.2717083910950070e+02
1.0090142131202066e+02
1.2084820913643331e+02
1.0988308469333133e+02
9.4671502368871174e+01
