1.6088228660592793e+02
1.3924785874573178e+02
1.5904721449990595e+02
1.3370082509368422e+02
1.4620625389199853e+02
1.3076051725602133e+02
1.2651862392522501e+02
1.3830443711420156e+02
1.2685442144074086e+02
2.3079930939633425e+02
2.8241472470630504e+02
2.8021740058406618e+02
1.4855193277695042e+02
2.3240340318013386e+02
1.6561573067010713e+02
2.3394748521670147e+02
3.0446469275547611e+02
2.6022677280021242e+02
1.1665568554713911e+02
1.5196984590034577e+02
1.3197255936934357e+02
2.3216536386082561e+02
1.6633258392281499e+02
1.5156442424429312e+02
1.2525205772317015e+02
3.0543130608490151e+02
2.6065844751111382e+02
2.3284327378207573e+02
2.3263144836327837e+02
1.4367634211995204e+02
1.7713250469630285e+02
1.5331534618854147e+02
1.0622197047926679e+02
1.0846094252047325e+02
1.3314611225679377e+02
1.1931654106250544e+02
3.2797990003861185e+02
2.2785110645291553e+02
1.7593120017247242e+02
2.2772960598753349e+02
3.2879155478103792e+02
1.7612902782532728e+02
2.2457147752888812e+02
2.2454943678209816e+02
1.3264474592686381e+02
1.0907566428801717e+02
1.3078132175908439e+02
1.3036898332903127e+02
1.3230511705018898e+02
1.2627301849188930e+02
1.1985055758193701e+02
9.6421454231739631e+01
1.0289764760415217e+02
1.4081574394882429e+02
1.0051682508602531e+02
9.7097399349168967e+01
1.2471869214566446e+02
1.0192533944563290e+02
8.6069978972142266e+01
9.4023624460398210e+01
1.0548580364007755e+02
1.2746670518248062e+02
1.0181769361679561e+02
1.2135179816051624e+02
1.1018800007068130e+02
9.4964200761505793e+01
