1.5998686211908938e+02
1.3888477734496081e+02
1.5831413666834143e+02
1.3274496261946851e+02
1.4582058302232554e+02
1.2935061253462362e+02
1.2617147532561573e+02
1.3785197720605433e+02
1.2597308327143018e+02
2.2973043187692150e+02
2.7385547829581708e+02
2.7173161434669970e+02
1.4755946914653566e+02
2.3115253378592291e+02
1.6473249469005219e+02
2.3114364899298448e+02
2.9573806418855338e+02
2.5343755508674622e+02
1.1622095635901303e+02
1.5096014270280588e+02
1.3094922948586947e+02
2.3175884738040088e+02
1.6576730132288350e+02
1.4860119099645127e+02
1.2402779241979090e+02
2.9676675059914311e+02
2.5399071532285660e+02
2.3010157313340966e+02
2.3220897207094512e+02
1.4218961855672518e+02
1.7637249808928556e+02
1.5040262960553056e+02
1.0549246863054320e+02
1.0787099811056919e+02
1.3168700771298231e+02
1.1879031955014510e+02
3.2129373658904206e+02
2.2602528921429078e+02
1.6985262775111011e+02
2.2591547084664498e+02
3.2215982065537935e+02
1.7006989623124520e+02
2.2446069054600758e+02
2.2442526225662550e+02
1.3194585712220675e+02
1.0793288307773736e+02
1.2976027751540636e+02
1.2920525215544950e+02
1.3111303219717155e+02
1.2670192546714621e+02
1.1912705306107662e+02
9.6289153636032793e+01
9.8528831656056710e+01
1.4096005038178632e+02
9.8363501334172099e+01
9.5497288399299151e+01
1.2494313150180145e+02
9.7654151609425639e+01
8.5942188506762321e+01
9.3681447788968782e+01
1.0364321948314199e+02
1.2684127500130066e+02
1.0000514085049738e+02
1.2030485876257528e+02
1.0952669777705536e+02
9.4390269904378144e+01
