1.6058951201272228e+02
1.3913723455873438e+02
1.5881826855710739e+02
1.3339353477839742e+02
1.4573114820934433e+02
1.3034086329555186e+02
1.2640742651435657e+02
1.3815650445411117e+02
1.2659089065098814e+02
2.3045168269881947e+02
2.7942304138583660e+02
2.7724756337134613e+02
1.4823230566533817e+02
2.3201210299050422e+02
1.6533033297107218e+02
2.3303611102110062e+02
3.0150697130823704e+02
2.5773851632331963e+02
1.1650284368795462e+02
1.5166303620986855e+02
1.3164668526001898e+02
2.3203633560739388e+02
1.6618748283466996e+02
1.5067809326286920e+02
1.2487046368995408e+02
3.0250675510436929e+02
2.5827612581948608e+02
2.3195486139312001e+02
2.3249720058564122e+02
1.4323220212193110e+02
1.7693094298123032e+02
1.5243497275986817e+02
1.0600976297549359e+02
1.0827093810883852e+02
1.3268727477235021e+02
1.1911893559709692e+02
3.2579176796543095e+02
2.2711440830260264e+02
1.7365916711420621e+02
2.2699672646871159e+02
3.2664268214602242e+02
1.7386498300016740e+02
2.2453608542478031e+02
2.2450974322704582e+02
1.3242014482725611e+02
1.0868782499582932e+02
1.3039271681574269e+02
1.2999474254755376e+02
1.3192405636796627e+02
1.2687470504845372e+02
1.1961918469742834e+02
9.6379277688852866e+01
1.0148830712343577e+02
1.4086221116485135e+02
9.9756450307839046e+01
9.6561997181762706e+01
1.2483150043711603e+02
1.0055118491709187e+02
8.6029226510705115e+01
9.3906718184753629e+01
1.0486793433164647e+02
1.2727024396712885e+02
1.0122360965439989e+02
1.2101468678877848e+02
1.0998270803417044e+02
9.4768327594182395e+01
