1.5962256957689905e+02
1.3871958849624912e+02
1.5802119686074758e+02
1.3235183095325712e+02
1.4571976130936162e+02
1.2875626065592263e+02
1.2602764125748770e+02
1.3768376296820773e+02
1.2563683751076540e+02
2.2927030786107809e+02
2.7090075009578413e+02
2.6886035487006859e+02
1.4715347825222142e+02
2.3062262345940741e+02
1.6437404100805418e+02
2.2997578665155157e+02
2.9253534499101528e+02
2.5124346874335652e+02
1.1604036878377850e+02
1.5054370570506660e+02
1.3052321937486525e+02
2.3158897862959270e+02
1.6543079463620055e+02
1.4723596643591705e+02
1.2350460994204361e+02
2.9361713358014623e+02
2.5187862955588639e+02
2.2895149414648341e+02
2.3203147929965036e+02
1.4164833479547985e+02
1.7593988601778631e+02
1.4906570641022111e+02
1.0517309459212798e+02
1.0765076144201544e+02
1.3114431251380472e+02
1.1857320984090272e+02
3.1871115449212209e+02
2.2558971885567775e+02
1.6808572185000210e+02
2.2548361994629084e+02
3.1965103778553834e+02
1.6830665984839706e+02
2.2441463002186339e+02
2.2437370447178455e+02
1.3165879558950954e+02
1.0744927846957761e+02
1.3023485094654970e+02
1.2872850424355303e+02
1.3062096217488568e+02
1.2635768286035790e+02
1.1885347361712306e+02
9.6233887546292081e+01
9.6788465691650032e+01
1.4101622732211362e+02
9.7756492903943624e+01
9.4833300757127944e+01
1.2500699818154763e+02
9.5916676692988702e+01
8.5892525414632374e+01
9.3551692760327839e+01
1.0288453911583146e+02
1.2659021222814891e+02
9.9250612910658759e+01
1.1987666033479286e+02
1.0921472186900597e+02
9.4151654532716677e+01
