1.4811901968160832e+03
1.2828261966573195e+03
1.1654547445054900e+03
1.1496203879818443e+03
1.2248087848198779e+03
1.0982302747592594e+03
1.1782782700656335e+03
1.0301576122597519e+03
1.0853655570331330e+03
1.1803122687604928e+03
1.3376820584936190e+03
1.3374572509423574e+03
1.1485518693910005e+03
9.4838437656940937e+02
1.3190025645172732e+03
1.3289039832213359e+03
1.3539207797744850e+03
1.3692849825361918e+03
1.1390661509329825e+03
1.1310567112741041e+03
1.2566196884425997e+03
1.2146408999384143e+03
1.1947484156889413e+03
1.1538873462659130e+03
1.1548065377123432e+03
1.5024865857775103e+03
1.2932359346665289e+03
1.3151381659583083e+03
1.2565325193935266e+03
1.1386398216452060e+03
1.2767145443853192e+03
1.1632196107156540e+03
1.0199361252691847e+03
1.0616887933648011e+03
1.0554134046570236e+03
1.1210124437797167e+03
1.2232545948595950e+03
1.2076213953835986e+03
1.0779739808067698e+03
1.2075281184839757e+03
1.2227537683909184e+03
1.0779721560379721e+03
1.0489547166815094e+03
1.0489484145949918e+03
1.1532808371921049e+03
1.0019352457210169e+03
1.0412267102118033e+03
1.0953593779679757e+03
9.9563619662676615e+02
1.0209666902075719e+03
1.0421767943819639e+03
9.5175224311597913e+02
8.9336772121174579e+02
9.9861976355983347e+02
9.6105224706465197e+02
9.4064398093383636e+02
8.8909492444546606e+02
8.8307216897181388e+02
8.5223209070559108e+02
9.1804632566723842e+02
9.2544018392076612e+02
9.1827595160029853e+02
9.0562227025711718e+02
1.0233304972900646e+03
8.4991172366946205e+02
8.5765359244554566e+02
