1.6162472604798327e+02
1.3950855199932269e+02
1.5957086182928899e+02
1.3446554639971143e+02
1.4741202736589014e+02
1.3194851219234926e+02
1.2678314483548596e+02
1.3866542426065865e+02
1.2748604775369358e+02
2.3166110638599497e+02
2.9070350197326019e+02
2.8844254321243562e+02
1.4931864157017094e+02
2.3335712420439762e+02
1.6630564289677778e+02
2.3600359073602471e+02
3.1224581840151359e+02
2.6743346759658158e+02
1.1701970514791194e+02
1.5274747627795537e+02
1.3264431417371014e+02
2.3246303593076777e+02
1.6655963376432257e+02
1.5335754888915471e+02
1.2628394617057386e+02
3.1308569951333243e+02
2.6774260838846413e+02
2.3486476542950248e+02
2.3293719403315660e+02
1.4484468055669154e+02
1.7747348008767725e+02
1.5505323551300103e+02
1.0673285323737679e+02
1.0887291273847022e+02
1.3435536007913907e+02
1.1977546561295514e+02
3.3349877330230936e+02
2.3051001276366975e+02
1.8296329159890723e+02
2.3037566601681237e+02
3.3417400656126154e+02
1.8314613146779647e+02
2.2465512396519810e+02
2.2464333551767362e+02
1.3322272390623993e+02
1.0995538763662094e+02
1.3156322110840082e+02
1.3131059481527979e+02
1.3314250576082756e+02
1.2683951460363603e+02
1.2037278476801666e+02
9.6520912494970432e+01
1.0617557893282486e+02
1.4071175773924566e+02
1.0202303050249577e+02
9.8457172909836416e+01
1.2344983861680501e+02
1.0514484023228502e+02
8.6166107781472718e+01
9.4302805519704478e+01
1.0688319735965977e+02
1.2791110134116829e+02
1.0325985204352510e+02
1.2221748097616985e+02
1.1073526968824076e+02
9.5438378133391808e+01
