1.6082864894928258e+02
1.3922941884196356e+02
1.5901073357503446e+02
1.3364947445975781e+02
1.4612657159895821e+02
1.3069155886343123e+02
1.2650004080657325e+02
1.3827950519017384e+02
1.2681029858573881e+02
2.3073756484860513e+02
2.8196788089907415e+02
2.7971879280291614e+02
1.4849838722692908e+02
2.3233906635686810e+02
1.6556785130059441e+02
2.3380067197783109e+02
3.0397457959283372e+02
2.5979745829569509e+02
1.1663012741524899e+02
1.5191861794206577e+02
1.3191992542920619e+02
2.3214431905897351e+02
1.6631055218563196e+02
1.5141258282082208e+02
1.2518910079646891e+02
3.0492057675583368e+02
2.6021603717850479e+02
2.3269925084815446e+02
2.3260921512646820e+02
1.4360141718897259e+02
1.7710141339837435e+02
1.5316709623166534e+02
1.0618652973195016e+02
1.0842911584834422e+02
1.3306858974589261e+02
1.1928327332428476e+02
3.2759896581122712e+02
2.2771705769975406e+02
1.7553144836066053e+02
2.2759588296652908e+02
3.2842239863342002e+02
1.7573201045690755e+02
2.2456557115093591e+02
2.2454281094239704e+02
1.3260714322322599e+02
1.0901069185808716e+02
1.3071642441743890e+02
1.3030631197342498e+02
1.3224154166418683e+02
1.2637624605098773e+02
1.1981484179687023e+02
9.6414420291565193e+01
1.0267484159248305e+02
1.4082345449988526e+02
1.0038693626919249e+02
9.7003989489209886e+01
1.2478658331946170e+02
1.0170834423297322e+02
8.6063182013185923e+01
9.4004058588857063e+01
1.0539260470914994e+02
1.2743425218729246e+02
1.0170983054877844e+02
1.2129543043219786e+02
1.1015146130711815e+02
9.4931420367618031e+01
