1.6387618070063019e+02
1.4055253296810682e+02
1.6138710773369084e+02
1.3705189995412312e+02
1.5151031346102857e+02
1.3603877438869628e+02
1.2766970380109461e+02
1.3994014132753921e+02
1.2982010285344896e+02
2.3430428444393573e+02
3.3286403461046848e+02
3.3111102787658183e+02
1.5194801472742751e+02
2.3639159360800642e+02
1.6870500436244711e+02
2.4253683570404957e+02
3.4506284266074522e+02
3.1401286992772918e+02
1.1818422683983862e+02
1.5508208634221609e+02
1.3511346227108447e+02
2.3337212637221310e+02
1.6522387616737782e+02
1.5620416047215593e+02
1.2964639045757221e+02
3.4502387931075896e+02
3.1475426418010727e+02
2.4134472331395878e+02
2.3385990319305836e+02
1.4901948586100832e+02
1.7797682969172820e+02
1.5781907862435398e+02
1.0859462803274874e+02
1.1032328234841795e+02
1.3714472914608871e+02
1.2114456710365492e+02
3.5287632311846176e+02
2.6591064262139275e+02
2.2616693135146701e+02
2.6572502782961351e+02
3.5318689222399161e+02
2.2629254375174833e+02
2.2491616596639625e+02
2.2493636919323922e+02
1.3513034638506738e+02
1.1302559770025510e+02
1.3425253424530064e+02
1.3293080507604182e+02
1.3466824878345565e+02
1.2913165906701437e+02
1.2216938683687637e+02
9.6863068057460197e+01
1.1365704514790951e+02
1.4059062969667636e+02
1.0677939649350434e+02
1.0376457758997384e+02
1.2327462087378329e+02
1.1237431835765007e+02
8.6492677461212821e+01
9.5200905405550401e+01
1.1224909745907379e+02
1.2911854855553688e+02
1.0884040676101593e+02
1.2499370075128546e+02
1.1149779744771546e+02
9.7008882459424015e+01
