1.4811791801417378e+03
1.2827425276664246e+03
1.1670604020722446e+03
1.1496920026891241e+03
1.2258778458449106e+03
1.0992242984289321e+03
1.1782540008746939e+03
1.0307329907561912e+03
1.0854415953335488e+03
1.1792954017001023e+03
1.3765387232228052e+03
1.3759319450556616e+03
1.1494050897470815e+03
9.4746089582862749e+02
1.3190623124976912e+03
1.3282546428987707e+03
1.3924699502395972e+03
1.4069815172573519e+03
1.1385614126053481e+03
1.1359278293575619e+03
1.2561467931147615e+03
1.2136136747531143e+03
1.2149072874676262e+03
1.1738852527423935e+03
1.1547311945296901e+03
1.5366706768759157e+03
1.3478023982881793e+03
1.3144739912624473e+03
1.2554999606264498e+03
1.1437251679323483e+03
1.3111401412758414e+03
1.1842425299330678e+03
1.0194466371561432e+03
1.0611499187451450e+03
1.0600657222078867e+03
1.1209457851263044e+03
1.2795788484616744e+03
1.2418567521172574e+03
1.0840189683638112e+03
1.2416314459651883e+03
1.2791128985986018e+03
1.0840228105891440e+03
1.0477504745767144e+03
1.0477435601844252e+03
1.1532806226557370e+03
1.0018794477064358e+03
1.0412641807145076e+03
1.0953656603901522e+03
9.9987270244245587e+02
1.0210280217866675e+03
1.0421763061056076e+03
9.5123467710914645e+02
9.1592626985233005e+02
1.0203188421973084e+03
9.6340205276036727e+02
9.4301733796367000e+02
9.1357688653661171e+02
9.0445328740338641e+02
8.5172076183010176e+02
9.1789686190752354e+02
9.3083625277711008e+02
9.2841823407176025e+02
9.1061812615056783e+02
1.0233381034035372e+03
8.5073748828092073e+02
8.5764234671058193e+02
