1.6422168961327333e+02
1.4072597148858699e+02
1.6165581449584255e+02
1.3748061260143342e+02
1.5218681639548737e+02
1.3670259696294568e+02
1.2781805320377195e+02
1.4016580674180361e+02
1.3021747732313506e+02
2.3468631955032936e+02
3.4140066234172195e+02
3.3985022304759497e+02
1.5234248568934041e+02
2.3681957357655153e+02
1.6912497742658115e+02
2.4351671414130107e+02
3.5058454640249482e+02
3.2567172399016022e+02
1.1835481750611187e+02
1.5540230346539900e+02
1.3549256981479527e+02
2.3349703510555673e+02
1.6532166618963279e+02
1.5649516166755254e+02
1.3020391768654815e+02
3.5041264315976491e+02
3.2672192753810975e+02
2.4232011224277835e+02
2.3398651527152217e+02
1.4968546221834148e+02
1.7811524122936115e+02
1.5810312130537361e+02
1.0887956304046838e+02
1.1053314221567246e+02
1.3780502846336367e+02
1.2136085160991290e+02
3.5563771824857037e+02
2.8072575850679033e+02
2.3399319657220664e+02
2.8053740468290869e+02
3.5587616485286901e+02
2.3411224571929512e+02
2.2495297805158395e+02
2.2497739330800667e+02
1.3542633382702962e+02
1.1351058012431800e+02
1.3463680745243971e+02
1.3339729983350244e+02
1.3503320736468032e+02
1.2950947979700103e+02
1.2247369239280059e+02
9.6916329346902145e+01
1.1431043879058277e+02
1.4015069458274104e+02
1.0677054888820132e+02
1.0465662152742394e+02
1.2330156217647028e+02
1.1302036849430094e+02
8.6542784257849405e+01
9.5331946943212543e+01
1.1317565745699828e+02
1.2929129911517242e+02
1.0978251619566812e+02
1.2543331250651164e+02
1.1179347908739963e+02
9.7246033845869434e+01
