1.4811290285891837e+03
1.2825137300152085e+03
1.1736662332018498e+03
1.1501564070174757e+03
1.2302096551415675e+03
1.1032271076878551e+03
1.1781533852967241e+03
1.0333752461987360e+03
1.0859301151633972e+03
1.1780979400863641e+03
1.4289177698239334e+03
1.4273202779412993e+03
1.1529852396736169e+03
9.4651447975726205e+02
1.3194619112466764e+03
1.3284425867139530e+03
1.4474218923394585e+03
1.4609329518253714e+03
1.1376595578540764e+03
1.1495452839826671e+03
1.2553866286222137e+03
1.2123371379490322e+03
1.2633350927261802e+03
1.2212792349223848e+03
1.1545693810286098e+03
1.5919122413381658e+03
1.3998204142372883e+03
1.3146019900817537e+03
1.2541889800803126e+03
1.1576850617778609e+03
1.3404982531723310e+03
1.2331139030877864e+03
1.0187158904854799e+03
1.0602289017377925e+03
1.0728263326544406e+03
1.1207585048811359e+03
1.3377763072834089e+03
1.2814437374799227e+03
1.1001522777114401e+03
1.2809445087924687e+03
1.3378820220881717e+03
1.1001928928925513e+03
1.0463241758946381e+03
1.0463214287217634e+03
1.1532820803761533e+03
1.0017690421044390e+03
1.0415439159499135e+03
1.0954290890498905e+03
1.0115655785841416e+03
1.0214194839758487e+03
1.0421766578886466e+03
9.5031263524984843e+02
9.4941473950624925e+02
1.0567120875390763e+03
9.7011649318533898e+02
9.4978184807219009e+02
9.5327966946437505e+02
9.3641613612790502e+02
8.5082942235668850e+02
9.1750434949837495e+02
9.4482885183402846e+02
9.4315244273926623e+02
9.2364062723117752e+02
1.0234135178501996e+03
8.5408662141443676e+02
8.5759891059638062e+02
