1.6211122253764105e+02
1.3975320461289158e+02
1.6002725813871095e+02
1.3510043664845207e+02
1.4839450394136443e+02
1.3293571476339773e+02
1.2699729250888481e+02
1.3895067954539550e+02
1.2805302869046275e+02
2.3232141991155140e+02
2.9879542831815547e+02
2.9654009254698917e+02
1.4999818368899895e+02
2.3413135142148246e+02
1.6687664469381252e+02
2.3768681930182578e+02
3.1931523153625142e+02
2.7508107161255009e+02
1.1731343846880678e+02
1.5334209414329843e+02
1.3324209634379747e+02
2.3270093011997562e+02
1.6664754427249107e+02
1.5441659408080901e+02
1.2708797403606010e+02
3.2005267157951300e+02
2.7533156851896274e+02
2.3652624940903380e+02
2.3317984894713157e+02
1.4587421952200154e+02
1.7763494995925623e+02
1.5608530249328399e+02
1.0719860477061742e+02
1.0923039139201667e+02
1.3535839836011289e+02
1.2011610159153315e+02
3.3817564196719889e+02
2.3413813440142627e+02
1.9073155469833617e+02
2.3399153715627443e+02
3.3880620984857114e+02
1.9090097030051373e+02
2.2472205477293602e+02
2.2471854054879054e+02
1.3368708671210595e+02
1.1068271439869640e+02
1.3222753512479034e+02
1.3122567739194315e+02
1.3391355011468494e+02
1.2739876878124367e+02
1.2083759827218796e+02
9.6600571941271113e+01
1.0860368167450072e+02
1.4064291460437462e+02
1.0320085410337116e+02
9.9685159217474506e+01
1.2334912044189737e+02
1.0749263989489143e+02
8.6243071705824917e+01
9.4529027653482800e+01
1.0807297329363112e+02
1.2824109546179068e+02
1.0450359855257521e+02
1.2287473835480182e+02
1.1108193923867849e+02
9.5851059518095596e+01
