1.5966784775206955e+02
1.3874027212334994e+02
1.5805544058338870e+02
1.3240078092424997e+02
1.4579566472069422e+02
1.2883005260274410e+02
1.2604556654517671e+02
1.3770412671536587e+02
1.2567863267901546e+02
2.2932766082952244e+02
2.7125471171592301e+02
2.6921052010978326e+02
1.4720395898960291e+02
2.3068856789622242e+02
1.6441855039618963e+02
2.3011590369943704e+02
2.9292202542780825e+02
2.5148609250644483e+02
1.1606488893635338e+02
1.5059297806228381e+02
1.3057634089041747e+02
2.3161019406697508e+02
1.6547619631026939e+02
1.4742189139352547e+02
1.2355374948843988e+02
2.9400060234341379e+02
2.5211489550977271e+02
2.2908840909746573e+02
2.3205369146166706e+02
1.4172070699663050e+02
1.7599792142205570e+02
1.4924428468333866e+02
1.0521294237954004e+02
1.0767667718317207e+02
1.3121088509403472e+02
1.1860168080866302e+02
3.1904665118499810e+02
2.2563703248321673e+02
1.6828317787393769e+02
2.2553050252502274e+02
3.1996005425712349e+02
1.6850314086456612e+02
2.2442037898800177e+02
2.2438013683215937e+02
1.3169456446399357e+02
1.0750909120480303e+02
1.3017517917894642e+02
1.2878780216513829e+02
1.3068218206390085e+02
1.2640345184479732e+02
1.1888751382428252e+02
9.6240793359517156e+01
9.6986499570191427e+01
1.4100943216175580e+02
9.7823941595103250e+01
9.4903560161742831e+01
1.2499927707897206e+02
9.6148269598928636e+01
8.5898383500366904e+01
9.3567821789829551e+01
1.0297446698720690e+02
1.2662197582033268e+02
9.9334252749831535e+01
1.1992980132849732e+02
1.0925339657078787e+02
9.4182845510144830e+01
