1.6093601483830190e+02
1.3926629812771304e+02
1.5908377371830647e+02
1.3375224994516185e+02
1.4628614699058338e+02
1.3082965652980255e+02
1.2653722844826950e+02
1.3832948260056520e+02
1.2689863046462821e+02
2.3086111391307168e+02
2.8294295294670559e+02
2.8076123811214450e+02
1.4860559687574485e+02
2.3246782662941985e+02
1.6566373894764155e+02
2.3409417035481783e+02
3.0497397356941224e+02
2.6067738957848411e+02
1.1668127840694758e+02
1.5202111403782658e+02
1.3201989713228980e+02
2.3218641682622621e+02
1.6635378405764894e+02
1.5171385662265155e+02
1.2531520123678742e+02
3.0595990585645654e+02
2.6110996389904994e+02
2.3298722790022916e+02
2.3265314486675294e+02
1.4375161897635041e+02
1.7716262937429713e+02
1.5346123053431700e+02
1.0625744066506785e+02
1.0849283272638834e+02
1.3322385616929466e+02
1.1934984932806340e+02
3.2836250844949217e+02
2.2799060668213440e+02
1.7634423612165000e+02
2.2786837869459043e+02
3.2914295218032873e+02
1.7654282490805946e+02
2.2457738703558545e+02
2.2455606671006950e+02
1.3268242212103507e+02
1.0914083140458035e+02
1.3084627289681853e+02
1.3043162592322881e+02
1.3236872658474962e+02
1.2620478306277664e+02
1.1988633850161892e+02
9.6428489785251728e+01
1.0311909228696602e+02
1.4080805530408966e+02
1.0066115062450622e+02
9.7191278554587072e+01
1.2461857448084575e+02
1.0215055652866118e+02
8.6076777971675313e+01
9.4043223191583479e+01
1.0556234809581055e+02
1.2749904394084334e+02
1.0192574080781255e+02
1.2140827666815233e+02
1.1022599447084438e+02
9.4997039672040003e+01
