1.6374708730500384e+02
1.4049033942709769e+02
1.6128748439163311e+02
1.3690154835792970e+02
1.5126338848330096e+02
1.3579001421061182e+02
1.2761559103932896e+02
1.3985680563390974e+02
1.2967406939777138e+02
2.3415716434619301e+02
3.2985077582060342e+02
3.2799407273065003e+02
1.5179993883635393e+02
2.3622561496411586e+02
1.6855485430992181e+02
2.4216761459016325e+02
3.4297050671591018e+02
3.0996870617062240e+02
1.1811956485671332e+02
1.5496009128425749e+02
1.3497157926033321e+02
2.3332424860501911e+02
1.6519773681652768e+02
1.5610151301364132e+02
1.2945397681463751e+02
3.4310299571158180e+02
3.1058847034298833e+02
2.4097713073424572e+02
2.3381147518937360e+02
1.4878921448136643e+02
1.7793548056138425e+02
1.5771913276725314e+02
1.0848825370116938e+02
1.1024314839385876e+02
1.3693204164167241e+02
1.2105729678052177e+02
3.5181785127627398e+02
2.6145653695326621e+02
2.2314501149614443e+02
2.6126243751991194e+02
3.5215640588772965e+02
2.2327295061555157e+02
2.2490206991208973e+02
2.2492061861679974e+02
1.3502122308367603e+02
1.1285337250738887e+02
1.3410685841286710e+02
1.3275392181715179e+02
1.3452781521994083e+02
1.2899763464175101e+02
1.2205643490023776e+02
9.6843127539837056e+01
1.1340881561573775e+02
1.4058083926542267e+02
1.0681249787637225e+02
1.0342474415823938e+02
1.2326803245640076e+02
1.1213928552731539e+02
8.6473784808011089e+01
9.5151115983216670e+01
1.1191617017428443e+02
1.2905132496771290e+02
1.0847822584561870e+02
1.2482740910616518e+02
1.1138749083341666e+02
9.6911303272904206e+01
