1.4811635672632985e+03
1.2826572989300969e+03
1.1691956835133965e+03
1.1498195954240912e+03
1.2272883643396194e+03
1.1005309286427239e+03
1.1782215314782477e+03
1.0315512342379579e+03
1.0855762446895594e+03
1.1787231324853692e+03
1.4004455892154144e+03
1.3994608772181505e+03
1.1505539559114188e+03
9.4698927866058295e+02
1.3191700518292769e+03
1.3281373030997133e+03
1.4171163466937662e+03
1.4312302582356863e+03
1.1381781203612932e+03
1.1409359617567879e+03
1.2558050883957674e+03
1.2130162781348072e+03
1.2420951875606099e+03
1.2004630539987270e+03
1.1546625996499488e+03
1.5608030115119864e+03
1.3715491695413123e+03
1.3143368053793720e+03
1.2548904574391977e+03
1.1488991273878912e+03
1.3208638450170463e+03
1.2115650827140871e+03
1.0191091369681301e+03
1.0607524968263301e+03
1.0647948995204699e+03
1.1208769956213871e+03
1.3134303257532338e+03
1.2611531615027018e+03
1.0975744825414117e+03
1.2608141595713648e+03
1.3131487826040386e+03
1.0975895385038802e+03
1.0470676012215263e+03
1.0470618467365084e+03
1.1532806136081538e+03
1.0018303418333352e+03
1.0413363613099377e+03
1.0953802782870871e+03
1.0041946418120676e+03
1.0211357010602885e+03
1.0421759133008709e+03
9.5084260788360689e+02
9.2902669139014415e+02
1.0337315591246238e+03
9.6587562828750447e+02
9.4551168975009728e+02
9.2890566788034585e+02
9.1684637438564152e+02
8.5133872070747771e+02
9.1774866500045778e+02
9.3613790538035607e+02
9.2668911478204768e+02
9.1554191142398042e+02
1.0233556505512560e+03
8.5182733250953083e+02
8.5762778831504534e+02
