1.6221404652778256e+02
1.3980136161646323e+02
1.6011461193958456e+02
1.3521237426603847e+02
1.4859135332584472e+02
1.3311885582485780e+02
1.2703715720508978e+02
1.3900515628476009e+02
1.2816153553889723e+02
2.3245140538028716e+02
3.0048599731822310e+02
2.9820069143337849e+02
1.5012699087919958e+02
2.3427087224190964e+02
1.6698384202986509e+02
2.3798066494684855e+02
3.2076870766350646e+02
2.7667429552387853e+02
1.1736780835333056e+02
1.5344794773394710e+02
1.3335769953252967e+02
2.3274467374823195e+02
1.6636642825633223e+02
1.5458919822692721e+02
1.2723298805328869e+02
3.2139257765727768e+02
2.7701242050153331e+02
2.3681705939132374e+02
2.3322432060458675e+02
1.4606747980336377e+02
1.7765681394984816e+02
1.5625269002472416e+02
1.0728464912584171e+02
1.0929889091733055e+02
1.3557341529690660e+02
1.2017434360477303e+02
3.3907276331058705e+02
2.3502027627456340e+02
1.9240691835380397e+02
2.3487135577820072e+02
3.3971537452354335e+02
1.9257381853644915e+02
2.2473436855950558e+02
2.2473238090496116e+02
1.3376908317498606e+02
1.1084405407263630e+02
1.3235010461840943e+02
1.3099728524398455e+02
1.3404342329324757e+02
1.2750314200548436e+02
1.2091543629258219e+02
9.6616012626192358e+01
1.0899624088551222e+02
1.4063248183011081e+02
1.0339119983054286e+02
9.9892345659190212e+01
1.2333265378614924e+02
1.0791417042967828e+02
8.6257259710121119e+01
9.4570936877270285e+01
1.0830935051478980e+02
1.2829636495554141e+02
1.0475025825813040e+02
1.2299667030476951e+02
1.1076563571038781e+02
9.5912579719199002e+01
