1.6026303985930238e+02
1.3900826206335304e+02
1.5854461653680204e+02
1.3304224629720457e+02
1.4524603137245387e+02
1.2980309734033031e+02
1.2627979552524239e+02
1.3799022049551482e+02
1.2625308166014715e+02
2.3006825384007101e+02
2.7634872682994586e+02
2.7410964279408358e+02
1.4786736401468121e+02
2.3154945163883846e+02
1.6500537398430643e+02
2.3201736007735468e+02
2.9828227839957844e+02
2.5529683569526060e+02
1.1635015002024240e+02
1.5129128930318447e+02
1.3126962861036137e+02
2.3188648760931710e+02
1.6598003580595187e+02
1.4959952073123600e+02
1.2438638876858654e+02
2.9934671654701640e+02
2.5584199188029172e+02
2.3094897488232704e+02
2.3234181351429891e+02
1.4265687057499696e+02
1.7665157328365706e+02
1.5138022043813865e+02
1.0573264211844753e+02
1.0805393958683801e+02
1.3211967366403610e+02
1.1894100457888061e+02
3.2332714006070762e+02
2.2645583798647658e+02
1.7144254544366794e+02
2.2634248573564960e+02
3.2421951271026433e+02
1.7165162638841014e+02
2.2449534552752831e+02
2.2446408069163573e+02
1.3216315156422004e+02
1.0829469336178701e+02
1.3002094625450314e+02
1.2956682551557003e+02
1.3148542875712627e+02
1.2695076333065900e+02
1.1934506356976976e+02
9.6330629352185653e+01
9.9847577242136637e+01
1.4091558935411578e+02
9.8947471503526344e+01
9.5967616506303045e+01
1.2489264127695564e+02
9.8946552620176163e+01
8.5982238176775695e+01
9.3779871707630349e+01
1.0418800888665200e+02
1.2703798384809348e+02
1.0057869591083914e+02
1.2062972200691016e+02
1.0975292106303679e+02
9.4555405303750916e+01
