1.4811912091227866e+03
1.2828368478827165e+03
1.1652985624591333e+03
1.1496153581964199e+03
1.2247041157726301e+03
1.0981326477458595e+03
1.1782806187422968e+03
1.0301048439173694e+03
1.0853601711646061e+03
1.1805342903205835e+03
1.3222482475559441e+03
1.3220735860805717e+03
1.1484697123128326e+03
9.4859999200395760e+02
1.3189983448038213e+03
1.3290832531224346e+03
1.3386174508535644e+03
1.3540921361358207e+03
1.1391508283375192e+03
1.1304378084069770e+03
1.2567003841481594e+03
1.2148613605518306e+03
1.1887535501603377e+03
1.1479983948239412e+03
1.1548166360748028e+03
1.4876225342078471e+03
1.2933645411874154e+03
1.3153188218973589e+03
1.2567518295670243e+03
1.1379889613068674e+03
1.2710063137146860e+03
1.1571194742980131e+03
1.0200224284545412e+03
1.0617811870307335e+03
1.0548172431416253e+03
1.1210208811591783e+03
1.2193966442546498e+03
1.1933547805988837e+03
1.0744527134744083e+03
1.1932805952414587e+03
1.2189187368560868e+03
1.0744507947512982e+03
1.0492146768985081e+03
1.0492087996651323e+03
1.1532808607939667e+03
1.0019428206107575e+03
1.0412242368865509e+03
1.0953590504662277e+03
9.9509580656933599e+02
1.0209622571073673e+03
1.0421768424904606e+03
9.5183930503697729e+02
8.8744201494106528e+02
9.9281125974671932e+02
9.6076775132232854e+02
9.4035615014285486e+02
8.8297942794192556e+02
8.7738964944122267e+02
8.5231891920397175e+02
9.1806578211787382e+02
9.2473112845168032e+02
9.1695205259736088e+02
9.0496726688390129e+02
1.0233300954543180e+03
8.4983089469866343e+02
8.5765469986843516e+02
