1.4810986302244494e+03
1.2824114339066621e+03
1.1774402976291676e+03
1.1504930909667182e+03
1.2326566396846194e+03
1.1054778001173377e+03
1.1780957395836517e+03
1.0349993702327372e+03
1.0862827445839712e+03
1.1777756980959664e+03
1.4366492994206699e+03
1.4346474744768668e+03
1.1550604473441895e+03
9.4628622960138205e+02
1.3197618660300191e+03
1.3288951139346068e+03
1.4565460479363805e+03
1.4853627313234058e+03
1.1373446819908836e+03
1.1558660935723319e+03
1.2551697289603667e+03
1.2119709494262959e+03
1.2701344399084905e+03
1.2279445299795727e+03
1.1545233803742574e+03
1.6191869584022570e+03
1.4075882576956978e+03
1.3150221662053075e+03
1.2538070445366700e+03
1.1640558438908517e+03
1.3630497824065194e+03
1.2400913870488052e+03
1.0185235846538650e+03
1.0599182484210476e+03
1.0786547127644151e+03
1.1206715894008835e+03
1.3647905449935702e+03
1.2982024797671779e+03
1.1093864788744102e+03
1.2976060192764830e+03
1.3651858451299336e+03
1.1094487994797512e+03
1.0459439994900774e+03
1.0459435907501997e+03
1.1532852236726364e+03
1.0017450379661839e+03
1.0417668730090561e+03
1.0954871315395260e+03
1.0169376546715940e+03
1.0217045301760413e+03
1.0421793324177806e+03
9.4999074640009383e+02
9.5647423188813752e+02
1.0788796848343577e+03
9.7319160794850904e+02
9.5287449064754992e+02
9.6329348460519975e+02
9.5473941769583917e+02
8.5052407824399234e+02
9.1733238487703568e+02
9.3900132850157331e+02
9.5477886868635619e+02
9.1768107760063162e+02
1.0234815424240917e+03
8.5598042003126579e+02
8.5757624870544873e+02
