1.4811936490039675e+03
1.2828751572719698e+03
1.1649031301881307e+03
1.1496063012349312e+03
1.2244377782604226e+03
1.0978835975522777e+03
1.1782865578399296e+03
1.0299772864975403e+03
1.0853503790597033e+03
1.1831218832873099e+03
1.2054792361783695e+03
1.2056129975800579e+03
1.1482630958579050e+03
9.5143796208511174e+02
1.3189905177479925e+03
1.3313881075345996e+03
1.2260261373188878e+03
1.2444402107005581e+03
1.1396461564154838e+03
1.1282065887091653e+03
1.2571731831741831e+03
1.2173905337766193e+03
1.1684786145052747e+03
1.1277612358241374e+03
1.1548538194725595e+03
1.3782796879922030e+03
1.1734689074721366e+03
1.3176317070372666e+03
1.2592252723721040e+03
1.1356299565273687e+03
1.2539178769235652e+03
1.1355720765899107e+03
1.0205501010633394e+03
1.0623374807734140e+03
1.0526517738268199e+03
1.1210511924670975e+03
1.0864937686515764e+03
1.0855529289445562e+03
1.0530413469085083e+03
1.0855526950832837e+03
1.0864625066239651e+03
1.0530413765592034e+03
1.0521384400585239e+03
1.0521381012735353e+03
1.1532808921105877e+03
1.0019708632621490e+03
1.0412198366947443e+03
1.0953585686474000e+03
9.9313859708307029e+02
1.0209539039507119e+03
1.0421769542597849e+03
9.5235121190545385e+02
8.6213823762603772e+02
9.7116227769735224e+02
9.5990994445762283e+02
9.3948435742415666e+02
8.5745987388938170e+02
8.5360664821385114e+02
8.5283511686815370e+02
9.1813731080535376e+02
9.2209729653812565e+02
9.1206816629662751e+02
9.0253948780457574e+02
1.0233295225757389e+03
8.4962504468246914e+02
8.5765750889179822e+02
