1.6120665592858342e+02
1.3935877981970549e+02
1.5926825645358983e+02
1.3401138448968538e+02
1.4668848398753681e+02
1.3127600759557356e+02
1.2663081038455958e+02
1.3845680015971055e+02
1.2712154016981799e+02
2.3117170414957195e+02
2.8578161466045708e+02
2.8344821839079088e+02
1.4887595403154961e+02
2.3279196555788474e+02
1.6590641566528430e+02
2.3482713137239099e+02
3.0766088719758625e+02
2.6303624585601131e+02
1.1681004922423432e+02
1.5228927903410781e+02
1.3225779705387021e+02
2.3229203378045753e+02
1.6644780004169016e+02
1.5237335268857362e+02
1.2568051274614530e+02
3.0852201284704807e+02
2.6336617907831777e+02
2.3370698780884445e+02
2.3276181653092291e+02
1.4413481308824950e+02
1.7729937765831605e+02
1.5409227356189811e+02
1.0643536402231817e+02
1.0864579056913101e+02
1.3361963703766975e+02
1.1951741743671616e+02
3.3023188922851580e+02
2.2879681714554380e+02
1.7861238526167929e+02
2.2867017486220692e+02
3.3100795157726805e+02
1.7880516350566319e+02
2.2460704862168438e+02
2.2458935330342291e+02
1.3287586140672690e+02
1.0946287854727044e+02
1.3112773281445303e+02
1.3074708825481443e+02
1.3267593037630559e+02
1.2644522590165346e+02
1.2006671426639478e+02
9.6463779700912966e+01
1.0430086073561603e+02
1.4077003301773078e+02
1.0122192283102486e+02
9.7718363463106428e+01
1.2410231100435190e+02
1.0330261592819053e+02
8.6110883657689769e+01
9.4141939386178052e+01
1.0602017576095696e+02
1.2765892023086181e+02
1.0244893039870993e+02
1.2169312841374158e+02
1.1041817798367296e+02
9.5161998274459634e+01
