1.6063693891374936e+02
1.3915567416447524e+02
1.5885807650401088e+02
1.3344453212686241e+02
1.4580984463701549e+02
1.3041755151269246e+02
1.2642591222226650e+02
1.3818088957388838e+02
1.2663461234333857e+02
2.3050721809868008e+02
2.7993013514543014e+02
2.7771322328215774e+02
1.4828530489830860e+02
2.3207925186833398e+02
1.6537758820190984e+02
2.3319349901819089e+02
3.0197667022385076e+02
2.5814614669548689e+02
1.1652823438924273e+02
1.5171407367327188e+02
1.3170122344034351e+02
2.3205798873384043e+02
1.6621383904554099e+02
1.5082522153503683e+02
1.2493909584695824e+02
3.0296417722851328e+02
2.5863221350799859e+02
2.3210893010653893e+02
2.3251960978470720e+02
1.4330522706784240e+02
1.7696712278623818e+02
1.5257884799374415e+02
1.0604506277407998e+02
1.0830244934614439e+02
1.3276268726464119e+02
1.1915059493924295e+02
3.2616431736820914e+02
2.2722539599911454e+02
1.7401271646250629e+02
2.2710704394744556e+02
3.2698507453753166e+02
1.7421606358681845e+02
2.2454197669604028e+02
2.2451634890341649e+02
1.3245741857150250e+02
1.0875200969252522e+02
1.3045735716393571e+02
1.3005682073439726e+02
1.3198760122208958e+02
1.2677733584962475e+02
1.1965898566561104e+02
9.6386303254178515e+01
1.0171730884270549e+02
1.4085445060731610e+02
9.9877821488663685e+01
9.6638382064516151e+01
1.2482253533821620e+02
1.0077820022792787e+02
8.6036014126645739e+01
9.3926122451551649e+01
1.0497309157796876e+02
1.2730328096331125e+02
1.0132366326763659e+02
1.2107064364630021e+02
1.1001624387224132e+02
9.4800842347992301e+01
