1.4811873619607052e+03
1.2828006135970570e+03
1.1658813737434000e+03
1.1496363895384684e+03
1.2250938876853945e+03
1.0984958411322225e+03
1.1782718411300411e+03
1.0303054801111564e+03
1.0853826195864992e+03
1.1799055948732082e+03
1.3500001647363431e+03
1.3496572514387403e+03
1.1487772576959062e+03
9.4800222013503173e+02
1.3190159110865916e+03
1.3286019644302235e+03
1.3658934719093088e+03
1.3808582246017281e+03
1.1388886098744788e+03
1.1325441943015412e+03
1.2564514214115245e+03
1.2142340456880850e+03
1.2073255579120435e+03
1.1662321638854210e+03
1.1547827292163231e+03
1.5119174604749380e+03
1.3212583667729959e+03
1.3148322664137424e+03
1.2561257501817420e+03
1.1401991352043603e+03
1.2887411035755676e+03
1.1759899368380547e+03
1.0197588824508134e+03
1.0614970373641515e+03
1.0568408652190788e+03
1.1209921390226436e+03
1.2427306939591022e+03
1.2190204033293505e+03
1.0715613134247556e+03
1.2188841149711518e+03
1.2422090554125837e+03
1.0715604283738912e+03
1.0484754506575698e+03
1.0484685910764147e+03
1.1532807711098508e+03
1.0019174659592949e+03
1.0412347669402016e+03
1.0953605671544813e+03
9.9693309707152503e+02
1.0209805809064443e+03
1.0421766587931511e+03
9.5156995531748385e+02
8.9407516774805060e+02
1.0108187368881386e+03
9.6175459633590572e+02
9.4135393921277284e+02
8.9037561835499332e+02
8.9483059122289194e+02
8.5205106880413791e+02
9.1800006116638417e+02
9.2711774276814333e+02
9.2141842022075741e+02
9.0717361100815424e+02
1.0233319442334230e+03
8.5013190371279529e+02
8.5765057986279226e+02
