1.6115189634476440e+02
1.3934012373151364e+02
1.5923088590347453e+02
1.3395893274499019e+02
1.4660695385835072e+02
1.3118448270890852e+02
1.2661189770936386e+02
1.3843088687684843e+02
1.2707648253590399e+02
2.3110895023501186e+02
2.8517795728770045e+02
2.8289560825421222e+02
1.4882127539459375e+02
2.3272641522644048e+02
1.6585719557466120e+02
2.3467955627291786e+02
3.0709759216766770e+02
2.6253412565761028e+02
1.1678401331942717e+02
1.5223212197228273e+02
1.3220972170141235e+02
2.3227072092648615e+02
1.6643044736571349e+02
1.5224905909884026e+02
1.2560596433494163e+02
3.0801595021086672e+02
2.6291644343615837e+02
2.3356199345526213e+02
2.3273990914870785e+02
1.4405674790306662e+02
1.7727367394032061e+02
1.5397105773210237e+02
1.0639945119808591e+02
1.0861768695517588e+02
1.3353899264293068e+02
1.1948354275422086e+02
3.2983735829152056e+02
2.2862072161846959e+02
1.7812914243246428e+02
2.2849444320463851e+02
3.3062016470424908e+02
1.7832243881327878e+02
2.2460106120323255e+02
2.2458263283322947e+02
1.3283391607000493e+02
1.0940348902858986e+02
1.3107505608133323e+02
1.3068325020914986e+02
1.3261868663623147e+02
1.2639651534193688e+02
1.2003020536765614e+02
9.6456660205856849e+01
1.0404977182513106e+02
1.4077761581714097e+02
1.0110834645177309e+02
9.7621150460209407e+01
1.2420839868143598e+02
1.0308361256751783e+02
8.6104002574828996e+01
9.4121966744717525e+01
1.0591371063089443e+02
1.2762692491041676e+02
1.0235955668698148e+02
1.2163544407415453e+02
1.1037917850898793e+02
9.5128627869658345e+01
