1.6206599176345148e+02
1.3972924017905905e+02
1.5998381357112387e+02
1.3504483612057786e+02
1.4829669392815239e+02
1.3283820556333524e+02
1.2697747075859361e+02
1.3892375288383968e+02
1.2799914258968508e+02
2.3225658494019774e+02
2.9799210328273034e+02
2.9572955542267903e+02
1.4993413695859010e+02
2.3406180076579133e+02
1.6682335552661760e+02
2.3753992803806486e+02
3.1862294237693550e+02
2.7428723125933448e+02
1.1728635462144821e+02
1.5328926727221258e+02
1.3318447932472355e+02
2.3267910247190596e+02
1.6664207631471189e+02
1.5432666357912109e+02
1.2701938161909781e+02
3.1939183196572975e+02
2.7455630948730055e+02
2.3638095752930784e+02
2.3315764110671165e+02
1.4577824085210403e+02
1.7762329927508571e+02
1.5599802504588047e+02
1.0715574684146927e+02
1.0919628691975640e+02
1.3526988546210015e+02
1.2008462759586313e+02
3.3774200068201242e+02
2.3372618424951690e+02
1.8992324952855822e+02
2.3358006114145689e+02
3.3837641394938464e+02
1.9009431100248943e+02
2.2471591121265408e+02
2.2471163571922955e+02
1.3364635107499319e+02
1.1060246891916884e+02
1.3216646101028124e+02
1.3133469587963265e+02
1.3384866717112968e+02
1.2734690906594963e+02
1.2079615095416243e+02
9.6593246293692047e+01
1.0837523924621874e+02
1.4064842449248840e+02
1.0307714431661276e+02
9.9560205007094723e+01
1.2335762556478845e+02
1.0729565053414117e+02
8.6235997936811771e+01
9.4508137238402952e+01
1.0795588372204652e+02
1.2821338219427614e+02
1.0438149084186445e+02
1.2281408806085184e+02
1.1114667202870073e+02
9.5820457952987368e+01
