1.6003273831951148e+02
1.3890537947974676e+02
1.5835236297701945e+02
1.3279430998975533e+02
1.4572733642777845e+02
1.2942564544883942e+02
1.2618952340088339e+02
1.3787479538921639e+02
1.2601542616113112e+02
2.2978816145651570e+02
2.7424561187449888e+02
2.7216067588655142e+02
1.4761054762148024e+02
2.3121915612796613e+02
1.6477770501632128e+02
2.3129317532779618e+02
2.9617106068575208e+02
2.5374414169129832e+02
1.1624242154178619e+02
1.5101517410424259e+02
1.3100255958365136e+02
2.3178010657331254e+02
1.6580511852054190e+02
1.4877262095222281e+02
1.2408753881842016e+02
2.9719594783947991e+02
2.5429981667871357e+02
2.3024354957538461e+02
2.3223112832723797e+02
1.4225681972471071e+02
1.7642166717115771e+02
1.5057028823228839e+02
1.0553250488427486e+02
1.0790133691570384e+02
1.3175642797975433e+02
1.1881536495006962e+02
3.2161802156878741e+02
2.2608992274843339e+02
1.7010146722959769e+02
2.2597958698366332e+02
3.2248863453789704e+02
1.7031767591681790e+02
2.2446645964456314e+02
2.2443172289843938e+02
1.3198193181220219e+02
1.0799403095809051e+02
1.2976002121065406e+02
1.2926531459669931e+02
1.3117490411187845e+02
1.2674317780526174e+02
1.1916145904156166e+02
9.6296064588912941e+01
9.8763478232117123e+01
1.4095274344973097e+02
9.8450269645410771e+01
9.5575016613585134e+01
1.2493484906317181e+02
9.7845677495127092e+01
8.5948861136017868e+01
9.3697783541211777e+01
1.0372173779928262e+02
1.2687217618562255e+02
1.0008475359216334e+02
1.2035873446962943e+02
1.0956612208062580e+02
9.4417685950753963e+01
