1.6242191716260928e+02
1.3989881120055534e+02
1.6029132680346240e+02
1.3545152340244633e+02
1.4895732901245833e+02
1.3347130526362878e+02
1.2711791841857016e+02
1.3911677865689467e+02
1.2835848385897552e+02
2.3271283130336872e+02
3.0403945438772712e+02
3.0176428630601424e+02
1.5035391458582771e+02
2.3455920638035371e+02
1.6720193124569613e+02
2.3856945370781418e+02
3.2364662321534570e+02
2.8025052053820104e+02
1.1747725357352084e+02
1.5366064655782520e+02
1.3359052006218008e+02
2.3283256615412745e+02
1.6508817378086781e+02
1.5490103147260749e+02
1.2755397859516701e+02
3.2432202429105791e+02
2.8054290294925795e+02
2.3740033881296893e+02
2.3331355284069494e+02
1.4645836176142117e+02
1.7769566627683153e+02
1.5655512611932656e+02
1.0745828991466799e+02
1.0943689373545890e+02
1.3602158498655754e+02
1.2028641955804834e+02
3.4089147380951465e+02
2.3707135050495367e+02
1.9603100048981850e+02
2.3691309724366448e+02
3.4148592461557280e+02
1.9619252725046050e+02
2.2475911881958692e+02
2.2476020524044208e+02
1.3393540682873609e+02
1.1115095353232108e+02
1.3259716792744283e+02
1.3100522774607924e+02
1.3430373068752243e+02
1.2771478052427568e+02
1.2107332409461219e+02
9.6648929840843621e+01
1.0984649512719456e+02
1.4060957140308125e+02
1.0384891312607046e+02
1.0034831940197698e+02
1.2330210193322229e+02
1.0869286979423612e+02
8.6287338285363830e+01
9.4655332419700898e+01
1.0879289641894448e+02
1.2840637445664012e+02
1.0525491124019580e+02
1.2324959400709169e+02
1.1032094402762560e+02
9.6037057138520112e+01
