1.6414954730353838e+02
1.4068885575335736e+02
1.6159773915293422e+02
1.3738692292443832e+02
1.5204545862518751e+02
1.3656410136825536e+02
1.2778662717069926e+02
1.4011841915285706e+02
1.3013375681972423e+02
2.3460801748107230e+02
3.3957539566394433e+02
3.3797835839323341e+02
1.5226039694713037e+02
2.3673225807548860e+02
1.6903706776512749e+02
2.4331295119153521e+02
3.4944810107895319e+02
3.2314227012677406e+02
1.1831950382837402e+02
1.5533623654370410e+02
1.3541344396202402e+02
2.3347135578240409e+02
1.6529776187708069e+02
1.5643146606093856e+02
1.3008727241642475e+02
3.4932250980710495e+02
3.2412977645020192e+02
2.4211729544041282e+02
2.3396044809120639e+02
1.4954814557087556e+02
1.7808284014533459e+02
1.5804088530510617e+02
1.0882007760347196e+02
1.1048990589281102e+02
1.3766792248211155e+02
1.2131649501157355e+02
3.5509513933950029e+02
2.7721919320072931e+02
2.3241088032269641e+02
2.7703624179272049e+02
3.5534787378131142e+02
2.3253103230144220e+02
2.2494540557103676e+02
2.2496896877988854e+02
1.3536405205167927e+02
1.1340620298725193e+02
1.3455728801765824e+02
1.3330068474751866e+02
1.3495835505897048e+02
1.2942920364187060e+02
1.2240991764770713e+02
9.6905217917467098e+01
1.1416158227565671e+02
1.4039849714703519e+02
1.0656303571324021e+02
1.0444170252856681e+02
1.2329486898841262e+02
1.1287513169041887e+02
8.6532376396235136e+01
9.5304865715116165e+01
1.1297695508285130e+02
1.2925610826296747e+02
1.0957773475786777e+02
1.2534216946455382e+02
1.1173173439395759e+02
9.7196772237791834e+01
