1.6068444706309904e+02
1.3917411250189340e+02
1.5889796650428846e+02
1.3349562235891915e+02
1.4588873479787665e+02
1.3048578366476374e+02
1.2644441608065273e+02
1.3820537888332206e+02
1.2667841395434526e+02
2.3056280561083580e+02
2.8044177365807809e+02
2.7818518332605049e+02
1.4833841070755079e+02
2.3214650171949197e+02
1.6542496589064660e+02
2.3335078812935947e+02
3.0245051513852070e+02
2.5856166316548877e+02
1.1655365803879947e+02
1.5176515238196626e+02
1.3175581826519516e+02
2.3207965024581580e+02
1.6623932028324793e+02
1.5097029865877880e+02
1.2500133520489551e+02
3.0344708915920160e+02
2.5899544039711913e+02
2.3226292016692787e+02
2.3254201603385303e+02
1.4337865805593424e+02
1.7700220707396625e+02
1.5272067474446706e+02
1.0608039153520889e+02
1.0833402291437102e+02
1.3283852481635901e+02
1.1918370683504322e+02
3.2653850043197758e+02
2.2734100760943281e+02
1.7437775710509609e+02
2.2722194673119674e+02
3.2732890677020680e+02
1.7458136311387256e+02
2.2454787085174013e+02
2.2452295846347192e+02
1.3249475375522442e+02
1.0881638917189225e+02
1.3052204645709844e+02
1.3011901541113252e+02
1.3205104632255052e+02
1.2667883423594557e+02
1.1969885202940560e+02
9.6393330240213857e+01
1.0194524230326512e+02
1.4084668874658433e+02
1.0000116231462979e+02
9.6725801219081092e+01
1.2481355889445061e+02
1.0103692620408842e+02
8.6042803418022118e+01
9.3945558343168997e+01
1.0507814606718856e+02
1.2733619940183270e+02
1.0141684309771446e+02
1.2112671736405751e+02
1.1004988179349780e+02
9.4833408336030800e+01
