1.4811819889262840e+03
1.2827607923422513e+03
1.1666621953895803e+03
1.1496717155435597e+03
1.2256135822329368e+03
1.0989789751788428e+03
1.1782600359057064e+03
1.0305861242344986e+03
1.0854201168672673e+03
1.1794580176641662e+03
1.3652003559684283e+03
1.3646768800718592e+03
1.1491924020829542e+03
9.4760132159038153e+02
1.3190453534622825e+03
1.3283303862824014e+03
1.3809962096482743e+03
1.4120600545089248e+03
1.1386562970899147e+03
1.1348624087813289e+03
1.2562341874171004e+03
1.2137804065572502e+03
1.2238195218855697e+03
1.1824017578321641e+03
1.1547470074375085e+03
1.5433485994039652e+03
1.3365782908511665e+03
1.3145534519211647e+03
1.2556688417337029e+03
1.1426173773068172e+03
1.3046111812808554e+03
1.1774774789892301e+03
1.0195351161042320e+03
1.0612497929456460e+03
1.0590531036132181e+03
1.1209604023174506e+03
1.2660277507865965e+03
1.2322013260900949e+03
1.0804944168010602e+03
1.2320029485904113e+03
1.2655357971922549e+03
1.0804964370790951e+03
1.0479441964427349e+03
1.0479371842079177e+03
1.1532806641743261e+03
1.0018910323662755e+03
1.0412532509623968e+03
1.0953636734564145e+03
9.9894882949984742e+02
1.0210107958952423e+03
1.0421764179929862e+03
9.5133183344293388e+02
9.0965839118424685e+02
1.0137976434544546e+03
9.6287899613133322e+02
9.4248944333239422e+02
9.0686527471024726e+02
8.9841309326037310e+02
8.5181613176404505e+02
9.1792907951958864e+02
9.2967826585843807e+02
9.2623331765005446e+02
9.0954446474183328e+02
1.0233357035208912e+03
8.5053335218366897e+02
8.5764511218546011e+02
