2.9188222821988798e+00
8.0109053502858441e-01
6.2742107116020973e+00
1.9982851418302614e+00
2.1967560353907114e+00
7.9750523554349917e-01
7.0686773732642272e-01
5.5430127690046129e+00
5.6759171354424423e+00
7.3934578248108473e-01
5.8018348316627921e-01
2.9589431625278282e+00
1.7112254146466084e+00
1.6373713564651899e+00
5.8220898828102685e+00
2.5407801245099511e+00
7.4920860829713642e-01
6.6430597265529834e-01
2.4431111663654264e+00
2.8536462261576818e+00
9.4296254550593474e+01
2.2141427198010168e+00
5.4684777998054752e+00
7.0302881822064234e-01
1.5092175575091584e+00
4.6366292898854082e+00
2.0129818300380045e+00
1.5717767599332640e+02
5.0031589525183842e+00
9.6689574753267465e+01
1.0028691804723405e+02
1.4939635473689930e+00
1.8255262176843157e+00
1.7581035773241414e+00
2.1322620628779068e+00
1.5526691129293573e+00
2.0073391536127043e+00
5.4637622365728635e+00
7.0684065186227962e-01
4.7339596793047019e+00
6.1683381386578617e-01
4.6232755882549563e+00
5.7628341689496831e-01
2.8965238883558992e+00
2.4319946876636855e+00
8.6400441924593778e+01
2.3523851296825486e+00
6.4194234343401202e-01
2.3917477802161384e+00
5.7961157771469036e+00
2.2172559334963156e+00
1.9085610368100046e+00
1.4207838180549373e+00
1.4196881074151328e+00
2.7200307296036987e+00
2.2452404067011700e+00
5.4214362599783239e-01
4.8393918463591706e-01
1.9939720692481466e+00
7.8489346076742972e-01
4.9081917452907238e+00
6.4705703925136915e-01
2.2950104903102280e+00
2.0601946011476460e+00
2.1244168677970925e+00
2.3493566801691381e+00
7.6135243177008161e-01
5.6692215756099884e+00
2.2867898447784936e+00
2.3628600056467337e+00
4.5636135535853848e+00
5.8513101853364358e-01
7.7338537707485333e-01
1.9759359373594245e+00
1.8225575463989474e+00
2.2118631318508171e+00
2.8795168987823736e+00
5.2640187959917277e+00
4.7194660472395320e+00
2.3858008382563747e+00
2.3448244097336741e+00
1.8806666548654434e+00
1.5893354816245320e+00
2.3850424584868102e+00
6.0751579319469429e-01
5.6246935144226784e-01
2.2167215383500487e+00
2.1469735454708987e+00
4.5818204355745022e+00
5.8782567872783287e-01
1.5113174532438394e+00
4.4977711379456000e+00
1.9440125246810636e+00
2.3978398848533842e+00
2.0054976964480442e+00
2.3180453523320916e+00
4.5402817565347551e+00
5.8629062486457029e-01
5.8113887755968907e-01
2.3212172890365563e+00
5.1288370390830051e+00
4.8459017855200583e+00
1.6060244155191463e+00
1.7222917514378979e+00
1.4756901447507695e+00
1.7976977610763301e+00
1.5512477881954567e+00
1.4588268899908394e+00
1.8753519407796764e+00
1.6531058096356268e+00
1.5977074799007811e+00
1.5583049470851238e+00
1.6944675101971760e+00
1.6564198396864740e+00
1.4775528255028101e+00
1.5996665552752527e+00
1.6318345919617476e+00
1.6275335046554624e+00
1.7665753658875432e+00
1.4691104571758604e+00
1.9957003690043804e+00
1.5941666171232094e+00
1.5543165530075820e+00
1.6569422273470196e+00
1.5822538017267136e+00
1.7002589651223690e+00
1.3740753865265833e+00
1.8728654861958214e+00
1.5774259673779352e+00
1.8555436182517275e+00
2.1171944993553993e+00
2.2506499683422825e+00
2.4663293476745349e+00
2.0624126286957329e+00
2.0674879326168276e+00
1.8029601278994247e+00
5.4219095196152907e+00
1.4613812846568168e+00
5.7864930679938464e-01
1.3352136664837437e+00
2.1599346726954072e+00
2.3632118095304198e+00
2.1730066036550801e+00
1.6908590292829018e+00
4.6143050639447054e+00
1.6221374671895985e+00
1.7795732345351760e+00
1.1658123666377551e+00
1.1090495445196846e+00
1.5185023137024292e+00
1.5113417108997496e+00
1.3592552899844585e+00
1.0943711035962551e+00
1.5840389949731208e+00
1.5766299523613434e+00
2.0510853156083839e+00
2.1586751480844919e+00
2.4870398852017992e+00
2.2242610130951710e+00
2.1969122315612228e+00
5.0366416028539023e+00
2.4694180628937428e+00
2.4426851340615641e+00
2.4167755006454521e+00
2.5307341767381257e+00
2.4960515875843021e+00
2.3828878584660509e+00
2.5276403014848512e+00
2.2643190916706435e+00
2.2580718131216746e+00
2.5294873351046308e+00
2.4943651492834817e+00
2.4777200534037931e+00
2.3417943289877123e+00
2.4904612777423072e+00
2.5065596310459752e+00
2.4804403528749788e+00
2.4265504200935712e+00
2.3012797724276242e+00
2.3152598129623794e+00
2.5277520726944558e+00
2.3658342365041301e+00
2.4929854190296963e+00
2.0909534250892259e+00
2.5832147741324083e+00
2.4702307663549021e+00
2.4694747273397843e+00
5.0749191840204055e+00
2.0856408576963132e+00
2.4809121039302751e+00
2.3402362293070240e+00
2.0413968737759878e+00
2.2553205124810911e+00
2.5632126086055069e+00
2.5163826370047055e+00
4.9604589485836561e+00
2.3071692247607194e+00
2.1265436939416897e+00
2.2694690691714716e+00
2.3031054382963454e+00
2.2776647736066917e+00
2.1015606131146001e+00
2.0451988484951267e+00
2.3808149044640143e+00
2.0746605548723625e+00
2.2193914682414699e+00
2.4788277565048000e+00
2.5267126541237142e+00
2.4564322000128156e+00
2.9971341407410126e+00
2.5692380454510353e+00
1.6513166501499779e+02
1.6026089848249211e+02
2.4417004626811583e+00
2.4906591848313520e+00
4.8871784611433400e+00
2.5583875167406172e+00
2.5772198477480299e+00
2.5003054796590782e+00
2.2389701697756541e+00
2.1910359952757461e+00
2.5684570810955702e+00
4.9864373791366443e+00
2.1210024006066344e+00
2.2017654292905462e+00
2.2109137547263766e+00
4.8473270143946747e+00
2.1222588469993404e+00
2.5743203836600062e+00
5.0802070342685273e+00
2.2138978675805481e+00
2.1642818705211679e+00
5.0769211727360180e+00
4.9124008775408994e+00
4.8271578707362082e+00
2.1364132438006380e+00
2.1604004295066694e+00
2.0784656794490006e+00
2.2945498671536244e+00
2.1050784808122334e+00
6.3415895985650994e-01
2.1336821703071460e+00
2.6354527238197432e+00
4.9781965660005225e+00
2.0902275161155437e+00
1.4305936486749309e+02
2.2897688409948707e+00
2.6326398957963053e+00
2.1061117156726281e+00
1.7443005247141002e+02
2.3600714337716049e+00
5.1422210202440128e+00
2.5227397099363786e+00
2.2604073538194163e+00
2.2656980449123325e+00
2.0925524993393889e+00
2.3471132037463898e+00
4.9932608075753651e+00
2.2521492645816243e+00
1.9356927485933519e+00
2.1692573684054932e+00
2.5698994858701405e+00
2.5784211110721835e+00
1.6626709055920620e+02
2.2686317453877023e+00
1.6694467364814076e+02
1.6602047614448693e+02
5.0787308343303597e+00
1.5018451600580886e+02
4.9740389590025931e+00
2.5085318880154266e+00
2.0629883081053757e+00
9.7223118601487656e+01
1.0484100023374918e+02
5.6160791769985048e+00
2.0862897832552099e+00
2.5849739786891077e+00
2.4790990405661337e+00
2.5050461852393089e+00
2.1168825189174352e+00
7.1842563329257947e-01
2.4415746450368121e+00
2.4391458623860252e+00
5.0824180033057766e+00
2.0575770003998208e+00
2.5916267770691479e+00
2.0334809880889018e+00
2.6447494418650606e+00
4.9116833514312361e+00
6.2353872943308597e-01
1.8717738433156386e+00
2.4887086163744478e+00
2.5150496405885314e+00
2.1793286018251261e+00
4.9838422033754668e+00
2.4352429627758019e+00
2.4971626801078610e+00
4.9712014990578934e+00
1.9035069091088577e+00
2.0537948634600074e+00
1.8797971732631817e+00
4.9299420818373481e+00
1.7310868287284773e+00
2.5385998547461566e+00
2.3328811033376180e+00
2.5065777334663002e+00
2.5194247659136284e+00
1.9818672907337020e+00
2.1241317480027027e+00
1.8693374772437978e+00
2.2039416475369062e+00
2.1797417599088647e+00
2.0980704427905437e+00
2.1601654220796487e+00
5.0607321152242006e+00
2.3507497829635855e+00
2.2396035640348795e+00
2.4848161727130500e+00
2.4723177418110756e+00
2.5262114708063503e+00
1.6219598150143077e+02
6.1289962108137408e-01
1.1266210607084744e+02
1.0943290272773815e+02
5.0434377548650895e+00
1.9308185863721752e+00
2.1063949989751185e+00
5.0741144028519454e+00
2.3626702905936194e+00
1.0680531347177997e+02
1.0513428672560445e+02
5.0814281467568563e+00
1.9068074230668219e+00
5.0386519823330946e+00
6.8636938737503705e-01
2.1514055257363709e+00
1.6769184099138748e+00
7.0149085039437309e-01
6.6019211475556727e-01
1.6888378302921143e+02
5.0841808672391640e+00
4.9562117950005513e+00
2.3972783875883437e+00
6.3134469875596466e-01
2.5688293504337891e+00
2.0547220037580645e+00
1.8088213473099228e+00
1.6059219646600420e+02
2.0886880056340589e+00
1.6388455809046409e+00
1.6613989518382177e+00
1.8410724835800094e+00
2.0105890533756683e+00
1.9650291028830675e+00
6.8445437290824418e-01
1.7431407991550054e+00
2.3412612700999880e+00
1.8425197135376092e+00
1.6536084238757178e+00
2.1456136520041666e+00
5.0849693901464557e+00
2.4465407236935364e+00
2.0795596377814141e+00
1.8312408795629749e+00
2.4130076711190198e+00
2.3901504817816206e+00
1.9935068191427470e+00
5.1755498576854153e+00
2.8738454464732697e+00
1.6789438450154177e+02
2.3644093922164826e+00
2.4535527079272192e+00
6.5685830784038790e-01
2.3756868279511911e+00
2.2776011125036684e+00
2.0417175780324484e+00
1.1416573146344167e+02
2.1937491321416620e+00
2.5194476276392055e+00
1.9924090049182164e+00
1.7940190705085323e+02
1.7105739436512539e+02
4.9738679098311360e+00
6.7885790875574803e-01
5.0832052572827715e+00
1.5550765425793813e+00
4.9403453681529044e+00
2.4003414398457883e+00
1.7102955260633650e+00
1.9657585212074635e+00
2.1080465016589005e+00
1.9634192916763851e+00
1.3019741353140984e+02
9.6915922182428176e+01
2.5116047389543321e+00
2.5250893918858690e+00
2.4888048268381824e+00
1.0466374716423708e+02
2.0132183195771338e+00
1.6113741698717592e+02
5.0366614534857392e+00
2.0291129046960177e+00
7.3037955560547219e-01
2.1236843997059753e+00
2.1269937655279834e+00
6.8233899046218582e-01
2.4972178435821557e+00
2.0442477384462143e+00
1.9996439232496026e+00
2.0988627086537819e+00
2.1578774683233766e+00
2.4923821878959305e+00
1.9395644669972238e+00
2.8738113684303843e+00
2.1063934463650336e+00
1.0802607872050164e+02
2.2008259955820884e+00
2.0110972502547924e+00
1.7944569933489158e+00
6.7300697273869692e-01
1.1361373778052193e+02
4.8926633866169933e+00
2.4474062464004112e+00
1.6940075638244447e+00
9.6755528140698203e+01
4.9193154829618786e+00
2.5173166366145185e+00
1.7679473847509544e+00
6.8141318100319515e-01
5.0841131545455989e+00
2.7911119865499137e+00
4.9803709997930135e+00
2.0770687126927019e+00
1.1077947572744660e+02
5.7669775130279675e+00
2.0523081681533490e+00
2.1896892298844093e+00
1.6993368371017533e+02
1.8171497172003670e+00
2.5391313695394646e+00
2.2714463014664634e+00
2.5200599199036406e+00
1.7695882149834901e+02
1.0736637920509339e+02
2.3188114261077466e+00
2.4147837567046020e+00
2.4450652004731026e+00
2.5593765806601656e+00
4.8020708292130294e+00
2.2304740461266244e+00
1.7567755873872699e+00
2.2445163444338712e+00
2.1998648607649964e+00
2.5080554821734586e+00
2.5400124138125122e+00
2.0912535791365019e+00
4.9210715732766408e+00
1.8899242116853612e+00
4.9831878417193236e+00
2.0311935708281967e+00
1.9988125086225403e+00
1.6534010857492356e+02
6.8247143932368826e-01
2.1577631587725858e+00
2.4825348333320822e+00
1.1325203634891866e+02
2.0015397631566052e+00
4.8985829993778038e+00
4.8347036577783582e+00
1.8361650269641732e+00
1.0704367399437791e+02
5.0619658990884533e+00
2.3637991309588551e+00
2.3078015982225790e+00
4.9692215560665218e+00
2.1473375327810356e+00
1.9265206767375656e+00
1.8256421030498109e+00
2.4126304353137669e+00
4.9181511112427687e+00
4.9250775728257095e+00
1.9536021002108408e+00
2.3172815684393928e+00
2.5123999637108523e+00
2.1681712723212869e+00
1.7444024660865107e+00
2.0405676334612712e+00
2.0304023101669899e+00
1.8145584407149664e+00
1.7182424317559959e+00
2.3245979653276652e+00
4.9031675187909691e+00
6.7908316158423443e-01
2.3880414755556307e+00
2.0894089862662777e+00
4.9763936836559051e+00
1.8296218069242158e+00
4.9068520772311706e+00
1.0729274494146408e+02
4.8803643799147371e+00
4.9201949888662710e+00
1.9155286772335081e+00
2.3885939011661623e+00
6.7837427282485085e-01
1.7702222839032387e+00
2.0656355615251307e+00
2.2554419551285467e+00
2.1168769669907772e+00
4.9036819735860355e+00
1.8525719542874690e+00
1.8241899329085234e+00
2.0797804325323357e+00
1.7350365994581176e+00
2.5988885631538290e+00
1.4063474851374411e+02
4.8704212074693620e+00
4.9041409467326131e+00
5.6258166259600664e+00
6.6796729943333677e-01
2.3403411476454359e+00
2.0901525394895102e+00
1.8073092457518012e+00
2.1079599608486275e+00
2.0238104459929587e+00
1.7363573917343652e+02
4.8534182867240849e+00
2.5596670935267740e+00
2.0929250961201888e+00
2.4940097444308580e+00
1.4613819820534019e+02
2.3926260300913915e+00
1.0798736069736185e+02
1.7756492009426403e+00
4.8945449491596067e+00
1.8218219234835167e+00
1.8079696302758994e+00
2.4919197178747861e+00
2.2139090910739880e+00
2.3001475364280464e+00
1.6548093088663938e+00
5.0980454325636790e+00
2.0759382615843780e+00
4.9045305370110146e+00
4.9125507135398792e+00
4.8727641554083627e+00
2.0068024504416360e+00
2.4944693818963324e+00
2.3927537257044107e+00
2.0482270224781369e+00
5.4586256624836436e+00
2.3449495190940857e+00
2.1931815534738113e+00
1.9570561652218172e+00
2.2123948773065836e+00
1.3167709918753212e+02
1.0982120471051458e+02
1.8752565505577439e+00
2.0460805415986316e+00
4.9201538262361577e+00
2.1490349090453327e+00
6.7267911398418112e-01
2.3783333333737038e+00
2.5326393738378643e+00
4.9127422736094237e+00
2.5313271147833705e+00
1.0530830650318576e+02
2.5437660608741570e+00
2.0444357698236217e+00
2.0868328392386584e+00
2.2555408801370440e+00
1.3486139228084255e+02
6.8011412500360113e-01
1.6960998234233813e+00
2.2829339653330907e+00
2.3474627249875257e+00
2.5175095212736367e+00
1.7760048523109149e+00
2.0605370473625886e+00
1.7228450762381439e+02
2.4008267490954864e+00
2.0176642935404669e+00
2.2875646926042581e+00
6.6869255007000128e-01
2.4723115745508117e+00
2.4032842178651239e+00
6.8158245823729557e-01
2.5808999554894614e+00
2.4884032866930599e+00
2.1164392277120503e+00
6.7392125835058081e-01
2.4842609803807711e+00
2.1773944670566268e+00
2.2635643440880115e+00
1.7732985252790734e+00
1.9096954822548102e+00
2.4449593360382722e+00
2.2567809574287532e+00
1.7516165152122011e+02
2.4923279678802563e+00
2.2460286615508451e+00
2.0934754822716251e+00
2.4117880701209500e+00
1.9240463939941042e+00
2.5597161737695697e+00
2.4312004604593973e+00
6.6960257647532495e-01
6.6951271895633024e-01
1.8131761970595395e+00
2.5191256728685238e+00
1.5443940697867097e+02
2.2220448360910181e+00
2.3964405252441501e+00
2.4936128802020732e+00
2.1578337124198392e+00
2.4160275589202800e+00
2.0422003467030909e+00
2.4410744715430721e+00
1.8939038166972169e+00
2.1836784921710208e+00
1.8674899743485653e+00
4.8305199379530785e+00
2.3524521165377488e+00
2.4904113841293714e+00
2.1341642685867104e+00
2.2424276399458622e+00
2.0173611558458924e+00
2.0523089924135864e+00
2.1144276044192791e+00
2.3747921592595818e+00
4.7759361864866801e+00
2.3371467052995292e+00
2.1372096623607231e+00
6.6784210463369842e-01
2.1458122335055547e+00
1.4737082123550050e+02
2.4872604468792212e+00
1.3787480939585544e+02
2.2345429858305774e+00
2.0701785629671767e+00
2.0753542380625718e+00
2.0733656013426631e+00
2.2516446759091240e+00
2.5519453036754594e+00
2.2776786581412223e+00
2.0547595414746826e+00
1.8151153799819142e+00
2.4734967664110883e+00
2.0481557295722386e+00
2.2957103209085568e+00
2.1765278439371203e+00
2.4440264290371787e+00
2.1175131551981154e+00
2.2030349482689271e+00
2.5148852808117788e+00
2.3101676454596967e+00
2.0300715396021425e+00
2.4340664977981943e+00
2.0001049631470256e+00
2.1176225348586120e+00
2.0727864242894660e+00
1.7502504226167381e+00
2.2683126153446840e+00
1.0765356089917024e+02
2.0331885777180547e+00
2.0881578563757679e+00
1.9603398369095519e+00
1.9110207598343136e+00
2.4918038139420955e+00
2.5834947844243459e+00
2.2488428292405955e+00
2.0074795491044308e+00
2.0469042116969400e+00
2.0825771669925679e+00
2.4497733843473344e+00
2.3819287530468687e+00
1.8436621133851099e+00
2.0306419102373821e+00
1.9523265194108783e+00
2.1270200345245756e+00
2.5686980067914216e+00
1.6589269469519037e+00
1.8022734413209203e+00
2.0388950349086326e+00
2.0434341492799133e+00
2.4011777716564251e+00
2.2886078562939565e+00
1.9302298455959419e+00
2.2039170564109556e+00
2.2442626935797878e+00
2.0801246054717515e+00
1.8440961250704684e+00
1.8245693515192631e+00
2.0378139809705895e+00
2.2575337287753037e+00
2.4026627014840991e+00
2.3839648973951220e+00
2.0326028556339559e+00
2.1141246903176243e+00
1.8775508606080422e+00
1.8246851485625064e+00
2.3929410829915216e+00
2.0923553776937465e+00
2.4319297582852060e+00
2.4993480101661705e+00
1.8356193789914530e+00
2.4504043466281376e+00
1.9068656073917620e+00
2.1557697131427163e+00
1.1393274931979128e+02
1.7598771236308531e+02
6.8705837209931975e-01
1.9549614106819186e+00
6.9159133878190293e-01
2.2129430891807145e+00
1.7719037637601318e+00
2.2925612975844984e+00
4.9091006677104874e+00
1.8742523057594562e+00
2.0147241893541485e+00
2.4136691067255707e+00
1.7326711445487981e+00
6.6923904404007961e-01
4.9156510927241239e+00
2.1631592620598630e+00
2.2117661101687913e+00
2.0507226262445863e+00
5.2310414578738440e+00
1.9945003695400532e+00
2.2534214761636395e+00
2.1630237709663369e+00
2.3717044206311630e+00
1.7314777867909961e+00
2.4199666617290112e+00
6.5821041044657924e-01
2.1592548449582485e+00
2.0834920862745641e+00
2.3739608399106973e+00
2.3866417482312539e+00
1.8256527323168765e+00
1.8821339573878588e+00
1.8005740450395038e+00
2.1345302684657308e+00
2.3634563570396603e+00
1.8913578741102428e+00
2.0615953430365970e+00
2.0256216116112187e+00
2.4722254338590015e+00
1.9573953773999806e+00
1.8343637962834292e+00
2.4330569029644935e+00
2.4254239808225222e+00
1.8168420948138957e+00
2.4599390346250614e+00
2.2152012671563401e+00
2.1211803723977054e+00
2.0378978654122766e+00
2.3533459526719338e+00
2.0006874423269152e+00
2.0969282758003343e+00
1.9947433244327595e+00
4.8842635430336045e+00
1.8487854822844167e+00
2.3185716566078498e+00
6.6659015792030196e-01
6.6377738282271537e-01
2.1862569107310419e+00
2.4068567711687194e+00
2.0454096259301551e+00
1.8025794853324972e+00
2.0483990538893493e+00
6.9147440476751421e-01
1.1099056759587872e+02
7.0846971062653441e-01
6.4752983592428026e-01
1.9438951967725471e+00
2.5463106857764153e+00
1.8067218584927882e+00
2.3555604044290934e+00
2.4724893512318995e+00
1.0397561309834147e+02
2.3646009078211216e+00
2.3152078099311617e+00
1.5527586367926578e+00
1.9329554764062740e+00
1.8872504778931281e+00
6.7364424380305388e-01
2.2700341315253292e+00
2.3328937718450091e+00
1.6206153147505720e+00
1.9901338599221476e+00
2.0078922914172850e+00
1.9132958575162478e+00
7.1117504657186703e-01
1.8765910685003506e+00
2.1714520310293954e+00
2.2259322866071050e+00
1.9287873913547287e+00
6.6222631704938806e-01
2.0743401396099164e+00
2.0076993750754961e+00
7.1516154089670614e-01
2.0866039626358210e+00
2.0366276167789792e+00
2.0763879589517460e+00
2.1345533884172569e+00
1.8682474955261523e+00
2.2028695792369737e+00
2.3460894505182712e+00
1.9334705868697488e+00
2.3496580778805476e+00
2.1264907681828973e+00
1.9876114239880061e+00
2.3434985345465962e+00
2.3131742208707982e+00
2.1075989773469970e+00
1.7931008064092635e+00
2.4440922761048989e+00
2.0090032792466355e+00
2.2202211626434214e+00
1.8826347773795231e+00
2.2171308074581684e+00
2.0489220378079316e+00
2.1001193066930237e+00
1.6230235620011613e+00
2.3812548835176206e+00
2.2758477763071645e+00
1.7708223973560668e+00
1.5883071422053205e+00
2.3177995029409244e+00
6.6865928970899824e-01
2.5495871554414133e+00
7.0949744137254001e-01
7.0045844326659890e-01
1.9914084453332181e+00
1.6765931836648742e+00
2.2235804453495538e+00
5.0003728661678704e+00
1.9962619512322015e+00
2.1022867043695834e+00
2.3245398491417757e+00
1.9888068258734826e+00
2.1618377540628524e+00
2.0202286650733039e+00
1.8116499334234126e+00
2.0050365861001351e+00
2.0360500792395779e+00
2.0378777192079593e+00
2.3084587770629388e+00
1.8312400482423332e+00
2.3426324855343132e+00
2.1725322097748552e+00
1.8405891139487771e+00
1.8394936735743230e+00
2.0615380565705883e+00
2.2817679140633897e+00
2.3476299803442755e+00
1.9151668071134049e+00
6.7317507352547923e-01
6.6424266467220172e-01
1.6100656066511168e+00
2.0318480307310209e+00
1.7215969778080407e+00
1.7642220256247663e+00
2.0745843336811274e+00
2.5212084107719148e+00
2.0816631075598577e+00
2.3925448439457107e+00
5.0012173357197298e+00
2.3601657372419766e+00
2.1713269967616609e+00
6.2141893799505254e-01
2.3479836719446685e+00
2.2955443761577929e+00
2.4280726269991164e+00
1.9533128065058263e+00
2.3794469421604578e+00
1.8970381724559671e+00
1.9785430913295574e+00
6.2886989593588327e-01
1.9342929914042108e+00
4.9145096718525307e+00
2.2662072832477529e+00
6.8747666212286762e-01
2.4003778971802952e+00
1.8473512774616068e+00
2.0244626837908695e+00
2.1328007722551097e+00
2.1314315446396099e+00
2.3074890045608876e+00
4.9597945303029247e+00
2.4516224196881153e+00
6.8295268871462200e-01
6.4901279977649584e-01
4.9881327249441814e+00
2.4240412458737643e+00
7.0057619282260841e-01
2.3997221794423416e+00
2.3153338738319151e+00
7.4935297363288866e-01
2.4974004677577324e+00
1.7096109585473127e+00
1.2566093238240138e+02
2.0261203659801157e+00
1.8285285117913579e+00
1.0503848039320818e+02
2.1235701019926263e+00
5.0066615766938671e+00
1.9433893438310910e+00
2.5686398988287702e+00
2.4352797645834396e+00
2.1399590497128305e+00
6.9936215926462730e-01
2.3370594505448730e+00
2.0370278857564639e+00
4.7838729159710365e+00
2.3749556365084783e+00
6.9617465458503502e-01
6.9338443445138565e-01
2.1705222429268751e+00
2.1779814003536120e+00
2.3025144921978775e+00
1.8073130117016687e+00
1.5370438094803876e+02
7.0716686470222889e-01
2.0322675327163506e+00
1.6259409075276454e+00
2.3037017396601689e+00
2.5842657217779510e+00
1.9996030189517742e+00
2.0743158441960632e+00
1.9920488451663541e+00
2.1692069944267436e+00
7.0192531189278595e-01
2.3672973391388941e+00
2.0340320170722168e+00
6.9549732588702962e-01
1.8587520536108071e+00
2.0272092048399548e+00
1.9559083198161473e+00
2.2090794986357327e+00
6.6743427837322244e-01
2.1518485750121066e+00
1.0743437059531225e+02
2.3131092846733030e+00
1.0794393628783543e+02
2.4266262630075435e+00
2.1456391785660189e+00
2.3405844816483183e+00
2.2863608609441224e+00
2.4617864321814107e+00
6.8610516443862979e-01
2.2459789372621586e+00
2.0171503326712434e+00
2.0400401635855023e+00
6.9743966966274240e-01
2.4029928370987910e+00
1.8768932248171359e+00
7.0932123292166893e-01
2.2940514965589700e+00
7.1012788390273229e-01
2.0705318882173986e+00
6.5804343628685169e-01
2.1780897412684670e+00
2.3579788512046975e+00
2.3698581773127319e+00
2.4012982102068423e+00
2.3648738454964957e+00
2.1045820000045747e+00
2.1627793003795150e+00
6.7847648333703614e-01
2.0470565551334436e+00
1.9869769365248264e+00
1.1919702073959982e+02
2.0757120950379768e+00
1.0520575019084156e+02
1.7732266034816102e+00
2.0300190004165972e+00
1.8767458851483376e+00
2.5379010443269920e+00
2.3065993299657523e+00
4.9189956142548539e+00
2.1178609036086193e+00
1.7649193172160687e+00
2.3565687020224857e+00
2.1038013565345652e+00
6.8490320732953680e-01
1.9225652961934165e+00
2.1974805265301094e+00
2.1223304810756485e+00
2.4992786578206521e+00
1.0922597700900924e+02
1.9992174933625499e+00
2.0218657537637319e+00
1.8680387866921435e+00
2.3742503372880952e+00
1.6209907838775812e+00
2.1719679148038566e+00
2.4302684293874313e+00
2.3563920442137114e+00
1.6782578092126501e+00
7.1562254603655151e-01
2.2021250542154429e+00
2.5148939774967811e+00
2.1065150423445456e+00
1.8769813242201239e+00
2.1800156686979690e+00
2.3851994374431817e+00
2.3005052263867491e+00
6.8885819698635820e-01
7.1671512884141308e-01
2.3156955263953356e+00
2.4473840421094559e+00
7.0009212454138625e-01
2.2218012938173120e+00
2.3129479719385801e+00
2.4706500518832781e+00
2.2176734656683466e+00
6.9320632058023735e-01
2.2600610239617756e+00
2.3537324029432702e+00
2.3363014855352455e+00
2.2873856088666282e+00
1.8412124494882516e+00
2.3022754709889672e+00
2.2717108685458083e+00
4.8993150253002460e+00
2.2154822067003836e+00
2.0069558766240196e+00
6.4687315697690695e-01
2.1813822734997146e+00
2.1602959014875696e+00
2.1670475571707044e+00
2.0297420579821561e+00
2.1259359937772255e+00
2.0056941882856187e+00
2.1227498394393547e+00
2.0203429138109814e+00
2.4615474267105175e+00
2.2377733963203030e+00
2.2564446041171169e+00
1.8769527347070263e+00
2.3475821509237642e+00
1.9880557746935981e+00
2.3387437154750619e+00
1.6188409260988017e+00
2.2962293202740551e+00
1.6200984981431592e+00
2.4448434332474838e+00
2.1868609641998176e+00
2.1472786525488776e+00
2.1092607341506593e+00
6.9536897502870743e-01
1.6470518051964109e+02
1.6096826963794106e+02
2.5005731296058471e+00
2.0558165171669085e+00
4.9104293669192680e+00
2.4324159298514441e+00
2.0692623945808428e+00
2.2020450769075328e+00
2.4377963906521263e+00
2.3430493949763314e+00
1.6254580797949848e+02
7.0123971778492744e-01
2.5181650629870367e+00
4.8955401466985338e+00
2.1130953411989952e+00
2.2013014684260930e+00
2.4331462723248864e+00
2.2535411587623897e+00
2.0376228319008320e+00
2.3892260289954685e+00
2.2293858266657014e+00
2.3915602647914924e+00
2.3866249428795769e+00
1.1636633203165023e+02
7.1157767223699075e-01
2.2841676110857412e+00
2.0337304236043972e+00
1.9931533404934185e+00
2.4825641561906253e+00
2.1780434506409820e+00
1.5788478121759812e+00
2.5121675006819348e+00
1.8791815547152106e+00
2.1405744558395652e+00
7.1250962762424475e-01
7.1269132407250668e-01
2.4519326605511673e+00
2.1330661025568549e+00
2.3297634352930201e+00
2.0575476239261801e+00
2.2512185265613649e+00
2.1458894380586462e+00
2.2919606058156385e+00
2.3008086745931640e+00
2.2089745445639641e+00
1.9664704295549729e+00
2.1309068292144948e+00
2.5351327761236839e+00
2.0834388911528396e+00
1.0343152449259404e+02
2.0006853500850479e+00
4.9279368896152063e+00
2.2000721815782147e+00
1.7887883680308136e+00
2.2772270399685772e+00
5.8631410324217486e+00
7.1036510560895094e-01
1.5917772744344612e+02
2.0654108977951986e+00
7.1064430028478209e-01
1.9591958702714829e+00
1.8661514337550227e+00
7.0110301551904508e-01
2.2893552324966540e+00
6.7862771931949395e-01
1.9938738222902772e+00
1.9173248355992694e+00
2.4886990996517402e+00
2.3194496507654629e+00
1.6643489430462563e+02
2.4603995589915399e+00
6.9614489023063952e-01
2.4176296806419564e+00
1.8192041983365348e+00
2.4845788848862589e+00
2.4524731632885044e+00
2.1553762389658480e+00
2.1371501278952483e+00
2.1192601290179840e+00
2.3651039652039487e+00
1.6395227667157528e+02
2.3522316619951131e+00
2.1134703615798167e+00
2.0224620965075943e+00
2.2279281971933158e+00
2.3902586665381502e+00
6.9561023907722985e-01
2.1777668293809631e+00
2.0675302207717725e+00
2.4243865261421091e+00
2.4475920963645419e+00
2.4594259928937059e+00
2.0869845139747873e+00
2.5213024288448644e+00
2.1921764562499257e+00
1.8888332233629230e+00
2.4081126380400404e+00
2.0385197854009749e+00
6.7645011135613886e-01
2.2506088109808466e+00
1.9667962532588901e+00
2.4557940132012428e+00
2.4858026974571881e+00
2.2524565377441368e+00
2.2476460926573858e+00
2.2208239598119834e+00
2.0388004571320231e+00
2.3063384099417750e+00
7.1422896502195132e-01
2.3619985655523088e+00
2.3765572479537043e+00
2.2311699065030624e+00
2.4358452030047766e+00
2.7210881855189659e+00
2.4295367580317775e+00
2.3568988686543348e+00
2.3959471702211883e+00
2.3975860863939951e+00
2.1348684243926974e+00
2.0764520629688930e+00
6.9050478565015805e-01
2.2721549582587195e+00
2.5057812681941778e+00
6.8332122742932366e-01
2.3341174457563678e+00
2.3084222915355963e+00
2.0808893884572681e+00
2.1000027765207805e+00
7.5846993004246321e-01
2.2316723242886347e+00
6.9974597284648865e-01
6.8790589470162966e-01
2.3484720665597001e+00
6.9226913203324614e-01
4.9818870040602432e+00
2.4941645948581170e+00
2.1199476617167523e+00
2.3961270526498324e+00
2.1277272630012534e+00
2.3962771604326871e+00
2.4302020363772492e+00
6.7142191579931121e-01
2.0219701624436492e+00
2.4710078508734639e+00
9.2894592720050213e+01
2.2125208686164459e+00
6.8444202781214791e-01
2.2596422292044505e+00
1.8086820865944899e+00
2.3492421849424137e+00
2.0953113200650804e+00
7.1025273872273709e-01
6.9222374913557594e-01
2.4752961192178993e+00
2.5190395673320136e+00
2.3194633630001036e+00
1.5140803987416456e+02
1.9841790253532638e+00
2.4012629983860614e+00
2.1607398826103550e+00
6.8727945708960614e-01
1.8653652146110633e+00
2.1742871901429868e+00
1.7372497761388594e+00
2.1397291112965995e+00
1.6520333080791360e+02
2.3922708431598725e+00
1.9301869837648002e+00
2.0588705823274940e+00
6.9833202581678233e-01
2.4925126755235825e+00
2.3502598355187785e+00
2.1590725560655133e+00
2.4831355785707583e+00
2.2387242085759831e+00
2.4018088881876034e+00
1.9806143042796707e+00
2.0798129082402452e+00
1.1420503641403062e+02
2.1005815031623984e+00
2.0041075196725395e+00
2.2586050928567145e+00
1.7489387577430779e+00
2.3407336740487428e+00
6.8843371248924468e-01
6.5175062421354713e-01
6.7041529141210754e-01
2.1560336431700953e+00
2.8028298245560670e+00
4.8770768825175015e+00
2.0148716846704331e+00
2.4653105384860097e+00
2.2671440353033430e+00
2.6272245174043478e+00
2.4069087944128027e+00
2.1859695465147180e+00
6.8412846871040023e-01
2.4051222794093108e+00
2.1768085035188074e+00
2.0783133103809357e+00
1.9170739436474558e+00
1.9408795276816655e+00
1.0115866360072425e+02
2.2666306381565011e+00
2.4527811986768229e+00
1.8657233878086601e+00
2.1166951403973142e+00
2.3736683840877495e+00
5.0130730029820505e+00
2.3201431945151065e+00
7.0414072277697959e-01
2.1354952437572425e+00
2.3363973111041147e+00
2.5430324537633640e+00
1.9857506764235868e+00
2.0203932216802252e+00
2.2439915626178766e+00
4.9284970929397272e+00
1.8373087165596733e+00
4.9041615637734122e+00
2.0177512860644242e+00
2.3029812983373459e+00
1.1214425684620302e+02
6.8172141831665500e-01
1.8284121410269480e+00
2.4055744109392729e+00
4.8871722093041612e+00
2.3239763704746177e+00
4.9813511868100182e+00
2.4597969148015357e+00
6.9853152506204919e-01
2.4741264337875712e+00
6.6888887465898761e-01
2.0063927804344335e+00
7.1562245504198896e-01
2.1142435560712958e+00
1.5548750506590966e+02
7.0096585870806327e-01
2.2977727489808006e+00
2.0387290538001488e+00
2.4371243998917786e+00
2.6241502256575227e+00
7.1223514360742635e-01
1.8241984029691418e+00
2.2324929967415610e+00
1.8593534300073822e+00
2.2684207691467759e+00
2.6294932176166887e+00
1.7647093527836986e+00
6.9578570307290744e-01
2.4969080276568860e+00
1.9172334423258768e+00
1.5712023669282249e+02
2.4733707712531618e+00
6.8127047863640544e-01
6.5190626487229708e-01
1.8742146342726929e+00
1.9646419313948185e+00
2.1571116359387554e+00
6.5194722849574827e-01
6.6049061023441835e-01
2.0782043637626164e+00
2.2078349585138883e+00
2.1866111417591938e+00
2.4889262395740794e+00
2.1597863084239592e+00
5.0940125405542984e+00
6.8525921761139408e-01
2.4874293556345659e+00
2.3730037340051173e+00
2.4486991449003792e+00
2.4516034806440747e+00
2.4361547416488225e+00
2.3923758934198860e+00
7.0786938608667038e-01
2.4183501433040284e+00
2.4287238484455531e+00
2.0582588513406583e+00
2.4765992101138719e+00
2.4777206204162381e+00
2.4483127001625475e+00
2.5237179316573823e+00
1.8601973500531015e+00
2.4900371448996754e+00
2.3059247553803974e+00
2.3388856858344220e+00
1.8366523341768290e+00
8.0161572523800806e-01
1.9393149617342482e+00
2.4391718680043843e+00
2.1842173359472197e+00
1.0758225811349561e+02
2.4952209748730874e+00
4.8844628059551614e+00
1.8419058694719885e+00
2.1573791459895135e+00
2.0943720653254769e+00
2.1994617319179652e+00
2.2458407950240793e+00
2.1628101585600499e+00
2.2523113576652749e+00
2.4409757735976934e+00
4.9795521367531697e+00
2.4205610319227451e+00
6.9099066097126283e-01
4.9169372928676083e+00
2.1152771872139970e+00
6.8446338235272308e-01
2.2376433496843111e+00
1.8541407863073449e+00
2.4488514223590738e+00
2.3879368273556048e+00
1.8418470857695948e+00
2.1615317549234998e+00
1.9020025405435652e+00
1.9876540696788927e+00
6.6674516199630318e-01
1.6052216949338298e+00
6.8447168944577730e-01
1.8119203460316160e+00
7.0398166506015747e-01
6.5362415828954512e-01
6.7943999419343470e-01
6.9677961969144320e-01
2.2925747408933890e+00
4.9975435648452242e+00
4.9006430478819114e+00
2.4178111568125962e+00
2.5583786230295789e+00
2.4290990970013344e+00
1.8619545205028210e+00
1.6997928857516691e+00
7.0051446020301533e-01
2.3952197114269884e+00
2.3849172852346219e+00
1.9768697184159463e+00
2.2485516423792409e+00
2.2187156513296151e+00
2.0905446049596077e+00
6.0982117939587024e+00
1.8097902133997510e+00
1.8090226633838042e+00
1.9965708882973054e+00
2.2042264047927658e+00
1.5474452883254148e+02
2.2229268523961685e+00
2.4673353265126536e+00
1.7583767025332397e+00
2.4945123786939321e+00
2.1532431002122556e+00
2.6312372700640503e+00
2.5345732183896352e+00
2.3322937145234541e+00
2.2784614677631780e+00
2.1737151244903972e+00
6.9478094382872291e-01
1.8440587507961101e+00
1.9772933692128656e+00
4.8917868871933088e+00
6.7857955453883545e-01
2.0876438553033534e+00
2.4941894614081770e+00
7.0620632532609506e-01
2.1645709812877794e+00
1.8726539267867501e+00
6.3797650366844105e-01
2.0713254062890760e+00
1.6932956383323292e+02
1.9622634738381051e+00
2.3994367187020296e+00
6.7557454822378449e-01
6.8065049774070807e-01
2.5114843349349711e+00
2.4021144358112116e+00
2.4030343166661368e+00
1.9669690193203950e+00
6.8338192952371946e-01
2.3991104600908066e+00
2.3428719469295438e+00
2.4514062933995437e+00
6.7737543393442201e-01
6.7855259443606597e-01
2.3977991932875713e+00
4.9739851873612828e+00
2.4004841826327987e+00
1.8274951812196376e+00
1.7646853996430354e+00
6.8236511981806536e-01
1.9598437330237657e+00
2.1228804370518506e+00
6.8357494103778205e-01
2.6198070959122872e+00
6.5853806589012231e-01
2.4810919444361046e+00
2.4103004081488524e+00
6.7509045623845720e-01
6.4792906972163589e-01
2.1803289967320478e+00
1.5253491677013326e+02
1.9915538493544678e+00
1.9625820028848182e+00
1.8489970197583758e+00
2.1389556747859548e+00
6.6251562068455894e-01
1.9636428381449462e+00
2.3081127002732238e+00
2.2063843523902866e+00
2.3374140924440181e+00
2.2014572932322287e+00
2.5797812459919003e+00
2.2146592125540048e+00
2.3720065990194490e+00
8.0048751203178836e-01
2.3403455664452055e+00
6.8857253274518704e-01
2.1260045090311497e+00
2.3341214634167788e+00
2.1200641928380026e+00
1.9231331210147522e+00
5.0318443307699932e+00
4.9517054190119527e+00
7.0343671875825275e-01
6.7653685298246724e-01
2.5073699700184320e+00
2.3336611987232643e+00
4.9667191225464657e+00
2.4851752582012439e+00
1.7335487780285737e+02
4.9638090497513110e+00
6.3219889791192996e-01
2.4007032069783234e+00
2.1196639036301819e+00
7.1206792133719432e-01
2.4832476128307301e+00
2.2599932288937796e+00
2.4225055845099872e+00
2.1730221483252237e+00
4.9230248282138271e+00
2.3610186748931730e+00
4.9832842951785397e+00
2.5917563960275651e+00
2.4507900289957965e+00
2.5189839674089121e+00
1.8072093914999849e+00
2.1498972155039024e+00
2.1931109621152718e+00
1.8428610414993938e+00
6.9298699583304990e-01
2.2043720575188015e+00
2.4095890595886456e+00
2.4800656850338485e+00
2.5206039176426920e+00
2.2078120971452262e+00
2.0656708697968655e+00
2.4528077065735321e+00
1.9012100244344552e+00
2.4740001027685672e+00
2.4056970718630284e+00
2.1260835932320798e+00
4.9180292117978457e+00
6.9784455233817244e-01
4.9898681433614653e+00
2.5560668734677474e+00
2.2114923599571612e+00
2.0668806091985559e+00
4.9213205278704359e+00
1.8542988840649646e+00
6.8186956580657110e-01
7.0535808084853635e-01
2.3362892367153241e+00
2.4253040177020568e+00
5.0002620842544250e+00
4.8860190224915225e+00
2.4382331167006579e+00
2.2149751174572163e+00
4.9292294892277413e+00
2.2397052192195903e+00
1.9511070715948751e+00
2.1274083657920295e+00
2.0549426884695770e+00
2.6125605966747694e+00
5.0124655767413628e+00
2.3695647416867232e+00
2.0709364283379501e+00
2.0674186852543865e+00
2.4909623483963026e+00
6.5409149029834168e-01
2.4362192621742236e+00
5.8886161713415568e+00
4.9746305257714454e+00
5.0090575564405118e+00
2.6326714726115217e+00
1.8169269362450626e+00
2.4312084639980287e+00
2.4958805912534237e+00
7.0473412465739371e-01
2.0818410764058424e+00
2.2136588502228403e+00
4.8972317572240964e+00
2.4415682517635418e+00
1.9906180577434618e+00
2.4635857966615600e+00
2.0683899234591063e+00
2.4710571408029884e+00
1.9867046378693132e+00
2.1876445919577017e+00
4.9944737658824572e+00
6.5000863708302092e-01
2.2472358996596498e+00
4.9778082291594252e+00
2.0789371753662453e+00
2.2982975785188073e+00
2.3461205358286681e+00
2.6201241970855595e+00
7.3460507723611601e-01
2.0427554275767852e+00
2.0669061033018572e+00
1.9655459479127961e+00
2.3599651936418833e+00
2.2423963045324786e+00
2.4326154451821158e+00
4.8995798871803427e+00
6.5443050150554094e-01
2.4124232674772461e+00
6.8832485665016363e-01
2.1656658791567018e+00
1.9918061833780143e+00
2.3092542802074592e+00
1.9952468729189239e+00
2.4658292987210553e+00
2.3167992510454414e+00
5.0729407564799720e+00
1.8265521835834384e+00
6.9817276969557795e-01
2.2060102462970979e+00
2.2120585900761123e+00
1.9564867468717613e+00
2.3101850219431959e+00
2.3065494590739455e+00
2.0650984108669537e+00
2.2653918253980332e+00
2.1093164091468317e+00
2.3367592632443892e+00
2.1165843145021479e+00
2.5946725210996471e+00
2.0021006882917662e+00
2.3421152474255158e+00
2.2874451419372210e+00
2.3882559396713567e+00
6.7463908669326211e-01
2.5054628154170944e+00
2.2924296809005180e+00
2.4729322671593019e+00
2.3378203473678916e+00
2.4337943441222762e+00
2.1082233778066071e+00
7.0037875707270747e-01
2.0267268885339407e+00
2.1961914038879198e+00
2.2549991361744648e+00
2.1484895975989762e+00
2.1340673101310337e+00
2.3730428278210338e+00
2.6121447130313338e+00
1.8390117370697507e+00
2.4346588756016514e+00
2.2661115198631943e+00
6.9912932664985683e-01
2.5355629801146891e+00
4.9573787411631329e+00
2.0295397563246680e+00
4.9408895265481405e+00
1.8249541360447326e+00
4.9859265938956687e+00
1.8328605187742055e+00
2.3515766619690437e+00
2.0341924400651670e+00
2.3407257700508510e+00
4.9685987623925936e+00
2.4814757117519997e+00
1.8324976374202284e+00
2.0638567244827883e+00
2.2502505067162795e+00
2.2954579191713118e+00
2.0826323587567668e+00
6.6828234270219034e-01
2.4742691825649108e+00
1.9712204795872657e+00
2.2569088910532646e+00
2.2209189980026163e+00
2.0351941745244728e+00
5.0029678666974569e+00
6.8961470472177100e-01
2.4898828729372942e+00
2.0130490670089860e+00
4.9284391027397838e+00
2.1707968744764456e+00
1.8063340499573790e+00
2.2372335710059743e+00
1.7897611707531544e+00
2.4476962457747620e+00
2.3537355601590866e+00
2.2124522727684490e+00
1.8145577676119791e+00
2.2883871133794980e+00
6.9583159263261996e-01
2.0500513976964818e+00
2.4324578074710979e+00
2.5055504009226985e+00
2.4303356006425840e+00
2.5355094229438393e+00
2.2971041508621259e+00
2.4911950659336193e+00
2.2452692982848297e+00
2.1615886862031992e+00
1.6607898940589838e+00
2.2701198625380505e+00
4.9041624534278592e+00
1.8775493494843924e+00
5.2091329724188524e+00
2.3384515241071657e+00
1.9858709401244667e+00
2.4519069516318890e+00
2.5041542586966106e+00
4.9540693346125799e+00
2.5383194831656697e+00
4.8773682933559659e+00
1.8728462802544521e+00
4.9360883706189957e+00
2.5267837429612769e+00
2.5246782052248298e+00
2.2066336648026574e+00
2.2955595950317766e+00
6.9481134316483939e-01
2.4542876833692517e+00
2.0204197303250355e+00
2.5210131981317097e+00
2.3382912647603051e+00
2.1666033957766162e+00
2.3929053414813861e+00
2.0655203492854888e+00
2.0310757505792876e+00
4.9082425465787418e+00
6.8348881231080627e-01
2.2903572551051083e+00
2.2466254502229965e+00
4.9539583722048848e+00
1.8292431686312158e+00
2.1743378115314091e+00
2.2228665973681472e+00
1.9378533698273215e+00
2.2257749092461498e+00
2.3081961027220630e+00
2.2598879912292786e+00
2.5404005223606632e+00
2.2996889428647336e+00
2.5466186065939076e+00
2.2555330588474614e+00
2.3260279377338176e+00
2.4912138315558479e+00
1.8432114305314613e+00
1.9515932921580736e+00
2.4566625537632647e+00
2.2057795942646554e+00
2.3532214927218846e+00
7.0857446839891880e-01
2.5199149676169701e+00
2.1929607092738292e+00
2.2050974318745520e+00
1.9556295542242599e+00
2.1572646321126587e+00
2.2811376433162778e+00
2.4007756920633807e+00
6.7615721852327981e-01
2.2416167772875903e+00
6.9520464500464862e-01
2.1589868725714516e+00
2.2194184105513202e+00
6.8389872806785101e-01
7.0364179133729232e-01
2.2922617754857488e+00
6.8273784256985204e-01
7.2962008845508308e-01
4.9065620664188074e+00
4.9751560209067058e+00
2.1419726389813674e+00
1.9585457740821799e+00
4.9257355941700860e+00
2.3275814738222058e+00
1.7257150655435953e+00
4.9989062698513065e+00
2.5207217508038462e+00
6.9155610636351295e-01
2.4387078862153904e+00
2.0334876807324802e+00
5.0111038445086944e+00
2.3017548339568359e+00
2.3302278813647721e+00
2.2746243179070853e+00
2.4686879846781546e+00
6.8255188587237714e-01
2.2871739120109602e+00
2.3615285857637724e+00
6.7581508497497500e-01
6.6929667482576749e-01
4.9864589989303418e+00
2.4743585438023423e+00
4.9778561645568749e+00
2.3370345144111546e+00
2.5452990443100472e+00
2.3018423497802583e+00
6.6848358724819057e-01
2.3445947149155546e+00
2.4049675989494590e+00
2.3868547422784281e+00
7.2056926458643333e-01
2.2712317733697578e+00
2.4900490713992989e+00
2.3509423783305610e+00
6.7914944634024266e-01
6.6797171798111610e-01
2.1774358976553367e+00
2.3316075873492976e+00
2.4722483137650513e+00
2.2515474265301116e+00
2.2305899263239386e+00
2.4725586694788446e+00
2.2698112379402486e+00
2.3030728232802313e+00
2.3982425231543028e+00
2.3297242280644852e+00
7.6749109106860880e-01
6.6868346907009502e-01
6.5929190561027740e-01
2.2503531811034514e+00
2.5690030361780898e+00
6.6109121509240831e-01
6.2353814814534003e-01
2.3098101479991491e+00
2.5325687667073931e+00
6.1066470639720294e-01
2.4989245284150443e+00
5.0083559537847115e+00
2.5114343434055981e+00
2.3549747297812611e+00
2.5384685135436582e+00
2.4069229125140201e+00
2.4115784191741390e+00
5.0541335873843023e+00
2.4364856367391075e+00
4.9726908048305116e+00
2.5396945785515590e+00
5.0690643453101032e+00
2.5291562848988960e+00
5.0273188470713430e+00
5.0024283437464048e+00
5.0523519371381553e+00
2.5382405219418205e+00
2.5091948782496409e+00
2.5143446980842494e+00
2.5014641547602658e+00
5.0280587835294916e+00
4.9425327098460343e+00
4.9750286622283078e+00
4.9621814980488699e+00
5.0104702662783263e+00
5.0294980762695971e+00
5.0195021980601782e+00
4.9699837850131585e+00
5.0179748914843438e+00
5.0484390538053603e+00
5.0095059759015026e+00
1.8428090221439021e+02
4.9220841319460238e+00
5.0019556497987745e+00
5.2284496088787824e+00
4.9231173359177349e+00
4.9432847848323833e+00
4.9909684837523054e+00
4.9703890881549935e+00
5.0135387727117715e+00
4.9976270254121520e+00
5.0458090405713820e+00
5.0541391588178497e+00
4.9984229825734188e+00
4.9704693531718309e+00
5.0247265392761804e+00
4.9840798751220969e+00
4.9851049368790186e+00
4.9563455079858034e+00
4.9993756199875348e+00
4.9935188031595636e+00
5.0457899261957975e+00
5.0498660925755177e+00
5.0887078048752539e+00
5.1163599957065298e+00
5.0178517223189765e+00
5.0438902764488374e+00
2.4216412701120702e+00
1.4704063777730772e+02
2.4284266815089834e+00
2.7715370152613863e+00
1.1409478882246702e+00
3.9736402077024585e-01
1.1522521086919830e+00
1.3087039092267740e+00
2.5048143492404131e+00
5.9279936880372175e-01
1.6216334980511153e+00
2.4736074231810878e+00
2.2393332600237206e+00
2.2519998223205837e+00
2.4267397175201406e+00
2.4792436143080527e+00
2.5535220024209431e+00
2.3439730836776631e+00
2.4150735850410610e+00
2.5876393299123359e+00
1.8785211058543083e+00
1.0073614719753903e+02
2.2673695973687056e+00
5.3319173192866853e-01
2.2411080835773594e+00
1.9629941900807095e+00
1.4300399671972026e+00
2.4383676860458530e+00
1.2457204232859884e+00
1.9324432600262361e+02
4.8854334916113729e+00
2.2326989169929128e+00
1.5061939576172799e+02
2.1931222833982433e+00
1.8432068997615336e+00
2.2996381574284777e+00
2.0548830998242260e+00
2.6152243705708922e+00
2.3493116081365892e+00
2.0832302932682549e+00
1.7371847669713003e+00
3.8652772119491885e-01
1.4511680683054011e+00
1.5648697637846845e+00
2.2144139381390167e+00
4.7822321701996797e+00
6.5033856747381491e-01
6.3694459281348526e-01
2.0149677026759831e+00
2.1249873747276338e+00
6.9786164148073271e-01
7.4317196118205875e-01
5.9949420194933867e-01
4.6276742074191590e+00
1.6413934574748639e+00
6.1956302457841561e-01
2.3559141674497122e+00
4.7716765034332171e+00
1.4042826636209231e+00
1.2008783195487129e+00
4.6860588132829699e+00
1.1128391998668303e+00
2.2994631926003435e+00
1.7220485578537570e+00
4.6543776361612634e+00
6.1757880943206667e-01
1.3963821292970378e+00
1.0002500951182247e+02
2.4194745754107831e+00
4.5936442946504572e+00
7.1760704079776638e-01
6.1691055958039787e-01
2.4876257642337403e+00
4.1784590092496474e+00
5.8836861216476266e-01
1.5801920721202900e+00
4.3449666774044360e+00
4.3883677485373047e+00
1.5465811501940163e+00
1.5483742307707151e+00
2.3324275905082410e+00
2.2889168883469053e+00
4.5458643612146217e+00
4.5100324694850382e+00
5.6252691413970024e-01
5.5694034982306018e-01
1.4179683578214690e+00
1.4881531612214087e+00
1.4749671052240274e+00
2.1808696564774976e+00
1.8052314159513874e+00
1.7569250438599298e+00
4.6778653676142969e+00
5.9596399233986008e-01
2.1184633656498377e+00
1.9165715672579511e+00
4.5343046348196525e+00
1.6478666287043475e+00
1.3940881385502228e+00
1.3882268174380867e+00
1.4490898356658908e+00
2.1547722908948241e+00
1.3462513142126586e+00
1.4978614059593098e+00
1.4117509398343018e+00
1.5718341152826014e+00
1.5371545060528728e+00
1.3645985390454172e+00
1.4788402672522698e+00
1.5439943460749259e+00
1.5162983934499870e+00
1.5410118408433802e+00
1.5343406366754204e+00
1.3921094803235574e+00
1.4711189128411082e+00
1.4731430304579460e+00
1.6844699220050909e+00
1.5546926694781746e+00
1.5189136576546542e+00
1.8762136484172489e+00
1.4794943892175609e+00
5.6036653982232387e-01
1.7191813220798000e+00
1.5731950323774468e+00
5.3729252868417365e-01
1.3213645773978851e+02
8.5132085258612804e+01
1.2071444784158953e+02
1.2071494378884917e+02
1.5222441554756345e+00
1.4072349605650554e+00
2.0984576397518447e+02
2.0979092730889829e+02
1.9521508685783040e+00
2.3961750199187266e+00
4.6475299075523671e+00
1.4176134446542592e+00
1.3212056773073517e+00
1.4704154828071638e+00
1.3557569539443908e+00
1.4446846672256226e+00
6.0110496214347175e-01
1.7931760608674638e+00
1.3324701930785767e+02
8.5439993615584058e+01
1.3789306568275359e+02
4.3173718450531826e+00
2.1423659425469470e+00
6.2235567251437174e-01
5.8973158301902762e-01
1.9321408944913694e+00
6.6072630044314984e-01
6.1105406212826796e-01
1.2141481445947377e+00
1.6054344929448947e+00
2.3821104231505634e+00
4.2670937160344193e+00
5.8667321487179702e-01
7.3125274718112543e-01
4.7338365303501702e+00
5.3725086398014210e-01
5.5778501152273618e-01
2.0409762476628868e+00
5.0789401327426043e-01
1.8227245130436458e+00
1.9038674902076262e+00
1.8876444600064481e+00
1.5472130731798908e+00
1.4512127564050337e+00
5.5721890761980952e-01
1.4586359760337293e+00
2.0367926163072134e+00
4.0459127887213331e+00
5.4162517550767142e-01
1.9394327148388508e+00
1.2700399682599105e+02
1.4964572868528225e+00
5.2927626806384087e-01
1.9892008290133656e+00
1.3342008776697233e+02
1.9441303492959743e+00
1.7952437841219586e+00
4.0524991330827387e+00
1.1488167121244102e+00
1.0523060969051481e+00
1.0683916285271198e+00
1.1272521053126410e+00
1.1215155718469081e+00
4.1959683920027929e-01
6.1916779926350696e-01
4.4681168533668343e+00
2.0412670103691721e+00
2.0285443082100684e+02
5.8726187700700294e-01
1.7785866494140703e+00
1.3827118084737979e+00
2.3296665694128635e+02
1.3604581681005709e+02
1.3849868156104213e+02
1.6851893879658648e+00
1.5343540132505864e+00
2.0712731082050979e+02
2.1057270942018798e+02
1.3817301402967382e+02
1.3324639849215414e+00
2.2116889341099130e+02
1.3687911333450613e+00
1.4064015360056615e+02
1.5505779937968380e+00
4.4207759001205140e+00
5.7309575610540653e-01
1.7770395346385377e+00
3.5826347371018366e+00
5.0626354528674278e-01
2.1896200520446847e+00
1.7508650582384568e+00
1.3063301150228483e+00
1.4120286482916429e+00
1.3922514245437774e+00
1.4862942064268006e+02
1.4701933593544896e+00
1.4939859873191257e+00
1.5885096465374331e+00
1.4204669476822009e+00
1.3553883814411526e+02
1.5332261942175353e+02
1.2245348011025481e+00
1.4859227267829087e+02
1.4194799644234348e+00
1.4852617627727727e+02
1.4003601170122550e+00
1.3397983149948200e+00
1.4080752805454024e+00
1.6230480953110555e+00
1.3003634734886491e+00
1.2874451126389699e+00
1.3719895589078035e+00
1.4500565283597874e+02
1.2766175274799507e+00
1.2309601637430165e+00
1.3141633678666307e+00
1.2410332039248841e+00
3.9732122749627083e+00
1.1211611349101982e+00
4.0473267575407357e-01
1.1634217909121685e+00
1.1324565135210047e+00
1.6326628135337098e+00
1.2717403113829822e+00
1.1441626376690519e+00
1.0890895117183839e+00
1.4226079319208917e+00
1.4404397721694535e+00
1.4251639430043364e+00
1.1144529333209527e+00
1.1753470982532765e+00
1.3817738059073750e+00
1.2963658734357866e+00
1.1494442591512772e+00
1.0316840867416697e+00
1.3177248251493445e+00
1.7013129779548832e+00
3.9463714996750250e+00
1.7940922509481185e+00
1.6808155682445203e+00
1.4011231159733102e+00
4.9868783318425874e-01
1.1927767730875571e+00
1.1857927221126072e+00
1.1987650773024114e+00
1.1308299728071844e+00
1.1042168127062215e+00
1.1144002398672517e+00
1.0989894877122732e+00
1.0854263511119773e+00
1.0596043362450611e+00
1.1324431176576626e+00
1.1598149514608522e+00
