1.4811659295568779e+03
1.2826689451006116e+03
1.1688790980168937e+03
1.1497989911296709e+03
1.2270799323270385e+03
1.1003380969785881e+03
1.1782263521073603e+03
1.0314272058211011e+03
1.0855545359545581e+03
1.1787885193983516e+03
1.3958943939183860e+03
1.3949612585046923e+03
1.1503829442492292e+03
9.4704137690346954e+02
1.3191525313049399e+03
1.3281359260396146e+03
1.4124179434187727e+03
1.4265606571549056e+03
1.1382260477790767e+03
1.1402479506251827e+03
1.2558466196746951e+03
1.2130855136966668e+03
1.2386843737186928e+03
1.1971329986987739e+03
1.1546714398416366e+03
1.5708747454500781e+03
1.3670538002138035e+03
1.3143383482072322e+03
1.2549614560173763e+03
1.1481913921496694e+03
1.3175291727405747e+03
1.2081467111678076e+03
1.0191494259564378e+03
1.0608016847078754e+03
1.0641479959380549e+03
1.1208864563110817e+03
1.3078925640306450e+03
1.2574730676916013e+03
1.0959371582157112e+03
1.2571488076039268e+03
1.3075824154926120e+03
1.0959504333885757e+03
1.0471456187749754e+03
1.0471396604970503e+03
1.1532805893323339e+03
1.0018365423004277e+03
1.0413243803676824e+03
1.0953777204455052e+03
1.0036022519633368e+03
1.0211183476877724e+03
1.0421759457155804e+03
9.5089160658062281e+02
9.2598889244661200e+02
1.0304224256292241e+03
9.6553527572576490e+02
9.4516865646681867e+02
9.2555884014102162e+02
9.1390721718032978e+02
8.5138622052266771e+02
9.1776873877048183e+02
9.3542138330382045e+02
9.2533708391333016e+02
9.1487568081040376e+02
1.0233525914362674e+03
8.5166624583641499e+02
8.5762991652426933e+02
