6.1167623545932672e+00
1.4601260605377616e+01
1.2733309116654262e+01
1.5663111126004159e+01
1.8076121222480865e+01
1.0273232694103822e+01
1.3342358517200259e+01
1.7049882913240921e+01
1.7206015632107345e+01
1.6591525124028660e+01
3.0097514695921220e+01
1.4719464100533804e+01
4.8387412058385868e+00
1.6186991736945611e+01
5.7684124210323029e+00
1.3082781706246603e+01
2.8117615746205356e+01
3.5247363605580844e+01
1.7946386872017055e+01
1.3864433851621406e+01
1.3319493611854329e+01
1.2838485518726628e+01
1.3060424342030998e+01
3.8118942432352991e+00
4.3072855797645104e+01
1.5202271494220470e+01
1.5490893995535757e+01
1.0888566951580399e+01
1.6949374623266408e+01
1.4825974501807167e+01
3.6865994162109192e+00
1.5903611978155016e+01
3.8248687654474125e+00
1.4822456734985359e+01
1.7319499112656640e+01
1.6602478516389638e+01
1.7016908360158887e+01
1.2124953225481889e+01
2.7576986140646714e+01
1.5060836749279327e+01
1.0236226212663114e+01
1.1494377989109573e+01
1.6017468798829395e+01
1.5902303586875309e+01
1.4776238100294615e+01
2.9394758395481006e+01
1.5242033701751069e+02
3.2666150393092195e+01
1.3020445008436081e+02
1.4387336907953378e+01
5.0524266306777141e+00
1.4804508631867336e+01
2.9048298800784593e+01
3.4773587792210044e+01
1.3594596458823151e+01
1.4948189847151401e+01
2.8998752967241185e+01
9.0641524501116109e+01
1.0572485445038944e+02
1.4550622338048434e+01
1.5294830949041062e+02
1.3768119026840699e+02
4.6365666660377451e+00
1.1899156753865194e+01
1.2944728860451416e+01
1.3849404796860242e+01
2.6906331131966020e+01
4.6939144860134645e+00
1.4507938987875864e+01
1.4432238972098959e+01
9.8822376242310341e+01
1.3355791389490811e+01
1.0745229530417902e+02
4.3881861525617282e+01
6.7736923291590870e+01
1.4228729917458891e+01
1.1233314805593278e+02
1.5438818302110613e+02
1.5942721148344884e+01
6.8772738587991554e+01
1.3528187062269870e+02
5.5657657138120769e+00
1.4649473137143071e+01
1.2254760302003015e+02
1.4871035923764708e+01
1.3870427087071252e+02
8.6412463685546342e+01
1.6519367202214642e+01
1.4908560074604497e+02
1.1095894998444003e+02
1.7785260387683113e+01
1.6523234740652960e+01
2.9583933220665440e+01
1.0681200903033654e+01
1.2733130413305380e+01
1.4999381089735024e+02
1.6348034684525228e+01
1.5214138338383108e+01
1.4474284250745926e+01
1.5916313943837851e+01
1.3725430949279522e+02
1.2769945289493981e+01
1.4781714498130363e+01
1.1594684188948072e+02
1.4976322762807756e+01
1.7342860639271805e+01
7.8261788012764129e+01
1.5750308283100962e+01
1.6693412247554843e+01
1.6177365387002677e+01
1.4816872459912460e+01
1.6926583892140854e+01
1.5087491753671603e+01
1.4424461297350703e+01
1.4058911217660443e+01
1.6611079946994330e+01
1.6079669723738146e+01
1.2641232517440230e+02
1.3545213736990977e+01
1.3927588342215829e+01
1.5446783347795595e+01
1.5407614323184140e+01
6.2604633593800694e+00
1.5761402411766845e+01
1.6395631151529884e+01
8.0175908492259367e+01
1.5825860079631640e+01
1.6073023891272513e+01
1.6575566880890698e+01
1.5437320499091115e+01
1.4012354734403429e+01
1.6230691716183742e+01
1.3537291956294067e+02
1.4202908334689671e+01
1.5608335523792588e+01
1.4219781804074012e+01
1.3232101995932526e+01
5.6900504373899077e+00
1.5531262504257867e+01
1.2858317538760636e+01
1.0363067057079929e+01
5.7980277730725138e+00
1.5172197029050789e+01
1.4119425209221125e+01
1.2614121300202276e+01
1.2629478615942041e+01
1.4519969806616517e+01
1.3771149604622236e+01
1.5412335677789574e+01
2.2649162712548890e+01
1.5555113009188464e+01
1.4313264943293751e+01
1.5056602648014183e+01
1.4702984188388131e+01
1.5398617067847768e+01
5.4247991402767610e+00
1.7754358078678454e+01
1.4665644299505983e+01
1.8398907993516005e+01
5.0818720181651216e+00
1.6805444618219852e+01
1.1571365215719769e+01
1.7149968931443311e+01
1.3992114654994753e+01
1.5911854464119413e+01
1.4368618094425440e+01
1.5507578242653763e+01
2.8966048603427609e+01
1.5872773125202116e+02
7.3938744536935516e+01
1.3997456658975753e+02
1.1201878923010133e+02
1.3820045342439640e+01
1.6215161481249659e+01
1.4364234805752861e+01
1.3707973156425032e+01
4.8027424525541447e+00
5.0685497133105031e+00
2.8078470336448270e+01
3.6728409977012713e+00
1.4045879590785978e+01
1.5016126976582772e+01
1.0565958723177625e+01
1.5517878452412521e+01
2.5776229588926203e+01
2.5322308934486244e+01
1.0631730892540952e+01
1.2643730198889617e+01
2.5855608013230434e+01
4.0779804193540858e+00
1.4282601347030339e+02
1.6811451744668051e+02
8.5896695349804531e+01
1.3173750146849900e+02
1.3168678832550447e+02
9.2189567506431828e+01
1.4281683892104169e+02
1.6820427303548911e+02
1.4673941880791338e+02
1.3528343198890321e+01
1.2682381341412123e+01
4.2871264673190481e+00
9.8710848260762774e+00
4.4206353326445020e+00
1.3040278762498527e+01
1.0033968863989376e+01
4.1791583406085024e+00
1.0770760562668775e+01
1.1466244919209116e+01
1.1556735646976550e+01
4.2215421065799195e+00
1.8495748183909149e+02
4.1554811901492155e+00
4.0329328152826394e+00
1.1608502796239442e+01
1.1652834122462414e+01
1.1347868076516230e+01
1.1043730989256503e+01
1.1635068827966155e+01
1.1243358755458711e+01
1.1645669629542386e+01
9.7854558020881068e+00
1.8532373741780953e+02
4.5968188754551909e+00
1.1211822508895667e+01
2.3124612356688058e+01
9.4770920077024332e+00
2.7902011157314663e+00
1.1855077394950387e+01
9.5291104605087611e+00
2.5880928032389122e+01
1.0755671942532009e+01
7.9026452838141745e+00
9.2688601081073649e+00
2.9407746675899254e+01
8.4028525343521050e+00
8.5360915315221799e+00
1.1481368371498370e+01
1.0854895607795719e+01
1.0633215257576829e+01
9.2201951766535934e+00
9.3151765674005489e+00
