1.6298105278869480e+02
1.4015354055855568e+02
1.6073671716849702e+02
1.3609895472054311e+02
1.4995459080456379e+02
1.3445451815987184e+02
1.2732904463745352e+02
1.3941575581376199e+02
1.2889469116264360e+02
2.3335434185153841e+02
3.1420788529220380e+02
3.1205032858172143e+02
1.5092007519986285e+02
2.3531479710544130e+02
1.6777628368173370e+02
2.4017591610588357e+02
3.3165211148010133e+02
2.9123318942393564e+02
1.1775809321376826e+02
1.5424918694529711e+02
1.3418995725321781e+02
2.3305244969331312e+02
1.6512062160736454e+02
1.5550590297334634e+02
1.2841132899449738e+02
3.3212051447755539e+02
2.9153694942393361e+02
2.3899514696691227e+02
2.3353681284894904e+02
1.4747206177814783e+02
1.7778147778250656e+02
1.5714115791871774e+02
1.0790477089454261e+02
1.0979079010738195e+02
1.3700309662771039e+02
1.2057722530085299e+02
3.4566399225550538e+02
2.4446119316871039e+02
2.0681663726577358e+02
2.4429608178800277e+02
3.4616298504152962e+02
2.0696366263168051e+02
2.2482217046746814e+02
2.2483105834863355e+02
1.3440701958285297e+02
1.1188736602491190e+02
1.3322982101542968e+02
1.3176697906201721e+02
1.3496050367256663e+02
1.2826598477228055e+02
1.2148608209953268e+02
9.6733361153776741e+01
1.1161514385954003e+02
1.4057111940681426e+02
1.0507040473499889e+02
1.0164831880328383e+02
1.2326682495002470e+02
1.1041045129445213e+02
8.6368802409430458e+01
9.4872240557568475e+01
1.1007716290700304e+02
1.2868082198143836e+02
1.0659434107933271e+02
1.2393992232554440e+02
1.1074769260836521e+02
9.6390556355712022e+01
