1.6109776324395261e+02
1.3932164323105602e+02
1.5919395315548715e+02
1.3390709241372360e+02
1.4652642515271643e+02
1.3109412071632534e+02
1.2659318244877078e+02
1.3840533025131498e+02
1.2703185136021172e+02
2.3104689303972327e+02
2.8458802536685948e+02
2.8232956879769074e+02
1.4876724341607576e+02
2.3266162458296151e+02
1.6580858159421237e+02
2.3453337702553637e+02
3.0654793502194786e+02
2.6209664177852204e+02
1.1675826958389167e+02
1.5217553438228697e+02
1.3216218498074375e+02
2.3224962762826357e+02
1.6641246473405522e+02
1.5212383585795178e+02
1.2553236984244812e+02
3.0748286933635200e+02
2.6244576753102939e+02
2.3341842179555744e+02
2.3271821701716661e+02
1.4397984271455485e+02
1.7724728800517946e+02
1.5384891876927821e+02
1.0636393342563507e+02
1.0858889487841151e+02
1.3345955836395336e+02
1.1945004000149439e+02
3.2946428405121492e+02
2.2845192717909669e+02
1.7766676832406893e+02
2.2832647070680542e+02
3.3023815084684372e+02
1.7786146297064144e+02
2.2459513597988473e+02
2.2457598302647094e+02
1.3279590549676365e+02
1.0933751368874427e+02
1.3102293783901570e+02
1.3062014543095313e+02
1.3255977230479994e+02
1.2634838503272037e+02
1.1999411027568350e+02
9.6449610487927202e+01
1.0382775270923744e+02
1.4078515890533737e+02
1.0099643317222585e+02
9.7509565931498869e+01
1.2431253983516417e+02
1.0284009848497156e+02
8.6097189813290711e+01
9.4102223552891559e+01
1.0580854830400637e+02
1.2759512663689019e+02
1.0225071458722813e+02
1.2157844360575133e+02
1.1034068004921434e+02
9.5095636919912593e+01
