1.4811124638554832e+03
1.2824560430882177e+03
1.1757364080505902e+03
1.1503359921066578e+03
1.2315531729345930e+03
1.1044636343006891e+03
1.1781217753171404e+03
1.0342578818102613e+03
1.0861183024608767e+03
1.1779075811359291e+03
1.4425152610280913e+03
1.4406810576981325e+03
1.1541211825923940e+03
9.4637828786029047e+02
1.3196210229945077e+03
1.3286781857672825e+03
1.4619356943740308e+03
1.4752558734344757e+03
1.1374778647521123e+03
1.1530875655560380e+03
1.2552572484306302e+03
1.2121224965076767e+03
1.2763777222475439e+03
1.2339437245710576e+03
1.1545411236623636e+03
1.6078183316802015e+03
1.3982398962361997e+03
1.3148196923460507e+03
1.2539654113670179e+03
1.1612625780582785e+03
1.3534630051156203e+03
1.2306635372274329e+03
1.0185999442913825e+03
1.0600489979981996e+03
1.0760990875007546e+03
1.1207097793055020e+03
1.3537092979919753e+03
1.2913978455999422e+03
1.1055550524390842e+03
1.2908422478597251e+03
1.3539776530013396e+03
1.1056076628377298e+03
1.0460992976438927e+03
1.0460978664701904e+03
1.1532835694747971e+03
1.0017532699158504e+03
1.0416612836060463e+03
1.0954591141935600e+03
1.0145798368055624e+03
1.0215713194764405e+03
1.0421778713103802e+03
9.5012692173316748e+02
9.6031826138194424e+02
1.0694668788770969e+03
9.7184446518498919e+02
9.5151997923424926e+02
9.5414305142447529e+02
9.4703099034251443e+02
8.5065288616657165e+02
9.1740726411806691e+02
9.3636823858157118e+02
9.4971017808858358e+02
9.1521626057927642e+02
1.0234487870627880e+03
8.5512654731090231e+02
8.5758628134038020e+02
