1.4811467227234780e+03
1.2825822150303163e+03
1.1714079114885660e+03
1.1499764974748944e+03
1.2287382328246565e+03
1.1018704427801101e+03
1.1781878303821650e+03
1.0324382405539704e+03
1.0857412854487241e+03
1.1783622897926987e+03
1.4103196664481275e+03
1.4090130463497478e+03
1.1517531954087781e+03
9.4671008812748789e+02
1.3193048237008823e+03
1.3282391484485520e+03
1.4374577095912184e+03
1.4573217255364702e+03
1.1378927191216089e+03
1.1454050443744102e+03
1.2555669429627271e+03
1.2126285215855987e+03
1.2466943630031315e+03
1.2050913361620162e+03
1.1546100401346746e+03
1.5889524699478079e+03
1.3814796320153748e+03
1.3144185470147095e+03
1.2544910633748054e+03
1.1534762383241548e+03
1.3408854932432912e+03
1.2165594555547636e+03
1.0188823134248257e+03
1.0604624216957723e+03
1.0689781750365498e+03
1.1208154821999415e+03
1.3289825020139567e+03
1.2810548719525061e+03
1.0929092095387589e+03
1.2806269520073645e+03
1.3288958279348965e+03
1.0929367802125155e+03
1.0466377695935755e+03
1.0466335092281497e+03
1.1532810645936540e+03
1.0017946211989600e+03
1.0414306313392678e+03
1.0954015740086891e+03
1.0080310543987649e+03
1.0212677978608430e+03
1.0421759844229716e+03
9.5055090945644167e+02
9.3520808234119545e+02
1.0535464834592663e+03
9.6808309827789412e+02
9.4773531138863814e+02
9.3714960862317594e+02
9.3415402628209995e+02
8.5105739114522260e+02
9.1762027431853505e+02
9.4070991405722759e+02
9.3533668151951656e+02
9.1979896398731012e+02
1.0233809970394087e+03
8.5294826370602652e+02
8.5761322607613579e+02
