1.6263339010303415e+02
1.3999829720364755e+02
1.6047113558441248e+02
1.3571083753786803e+02
1.4932443738981371e+02
1.3386739241758028e+02
1.2720042269826463e+02
1.3923246139748744e+02
1.2855985910753597e+02
2.3297654156645621e+02
3.0779120233107579e+02
3.0557478230927194e+02
1.5057203747502564e+02
2.3486038165960736e+02
1.6742586358419044e+02
2.3919505940388240e+02
3.2676226640610076e+02
2.8422581351252404e+02
1.1758802361881817e+02
1.5389306091579840e+02
1.3382683181549135e+02
2.3292115268690063e+02
1.6510095956126381e+02
1.5516203009154592e+02
1.2787994427909759e+02
3.2728013569428379e+02
2.8451115419648721e+02
2.3802156742266919e+02
2.3340337334610331e+02
1.4685655142381208e+02
1.7773032761795605e+02
1.5680801358824033e+02
1.0763403307716366e+02
1.0957655319325158e+02
1.3639599056890253e+02
1.2040050271707200e+02
3.4279864188966758e+02
2.3955726520647272e+02
2.0004031548131073e+02
2.3939303415866851e+02
3.4335837305800038e+02
2.0019665514417639e+02
2.2478408178371910e+02
2.2478826568971783e+02
1.3411353964300309e+02
1.1144324231289863e+02
1.3284675603456125e+02
1.3130375756870831e+02
1.3456472625619907e+02
1.2793094125931347e+02
1.2123479464734787e+02
9.6682231426876129e+01
1.1056466009327762e+02
1.4059030073159266e+02
1.0431401683414209e+02
1.0085569324067293e+02
1.2328484563721237e+02
1.0940088732293779e+02
8.6319515291014497e+01
9.4740868589672829e+01
1.0924369349104482e+02
1.2851596212387628e+02
1.0577314510027648e+02
1.2353043190965525e+02
1.1047880375647793e+02
9.6167545608575409e+01
