1.4811936463479196e+03
1.2828749073448598e+03
1.1649037845963451e+03
1.1496063037257688e+03
1.2244382250970525e+03
1.0978840179258343e+03
1.1782865461024328e+03
1.0299774739870177e+03
1.0853503799675150e+03
1.1829249506989797e+03
1.2191173904401589e+03
1.2192271178198446e+03
1.1482634337072470e+03
9.5120294334873017e+02
1.3189905185904720e+03
1.3312111989929358e+03
1.2393962966359045e+03
1.2576172740629645e+03
1.1396342044243252e+03
1.1282212956113337e+03
1.2571618627680348e+03
1.2171990337568038e+03
1.1693384415615151e+03
1.1286091145603136e+03
1.1548535740296902e+03
1.3902285105013877e+03
1.1873868271456352e+03
1.3174538452455777e+03
1.2590401187042621e+03
1.1356456313689393e+03
1.2547136927570300e+03
1.1364596576429167e+03
1.0205367939394912e+03
1.0623235743332384e+03
1.0526662283692053e+03
1.1210509936901192e+03
1.1013894698418023e+03
1.0997605292570270e+03
1.0534846801745996e+03
1.0997598479781154e+03
1.1013368503390145e+03
1.0534846952620244e+03
1.0519229379925096e+03
1.0519223619713057e+03
1.1532808938682290e+03
1.0019706764020162e+03
1.0412198392633672e+03
1.0953585698412994e+03
9.9315156294086057e+02
1.0209539056181533e+03
1.0421769529847957e+03
9.5233876162470381e+02
8.6307315709737611e+02
9.7199352574750856e+02
9.5990706271633871e+02
9.3948164190160514e+02
8.5836966832887435e+02
8.5449538649267708e+02
8.5282240554760358e+02
9.1813682834220117e+02
9.2211553155590991e+02
9.1210155986507527e+02
9.0255623642200226e+02
1.0233295218748519e+03
8.4962539122091857e+02
8.5765750486705656e+02
