2.7483397321685677e+10
2.3803613246829556e+10
2.1614738836162457e+10
2.1330830045441628e+10
2.2719372207888683e+10
2.0371168786207993e+10
2.1862986454233025e+10
1.9111149789545246e+10
2.0138568214244911e+10
2.1942875024048130e+10
2.1920141902743191e+10
2.1924271280085987e+10
2.1305946703578415e+10
1.7641437065451035e+10
2.4473736939889095e+10
2.4695080420152302e+10
2.2320548713913120e+10
2.2677984721714245e+10
2.1146195450494522e+10
2.0934057279307507e+10
2.3326886874568291e+10
2.2578977472060001e+10
2.1668179810713428e+10
2.0912831405598045e+10
2.1428190375110950e+10
2.5267284275027184e+10
2.1299024135934456e+10
2.4439744964328651e+10
2.3355590489713184e+10
2.1071812563941963e+10
2.3254613652083977e+10
2.1057096593718021e+10
1.8936407784632992e+10
1.9711776331371407e+10
1.9532134186906269e+10
2.0800987112215137e+10
1.9627661047804874e+10
1.9621853295579929e+10
1.9517847634039719e+10
1.9621836941487221e+10
1.9627553184741859e+10
1.9517847147910168e+10
1.9511830599852646e+10
1.9511829150230331e+10
2.1399009826840343e+10
1.8591463819152977e+10
1.9319729239177845e+10
2.0324267124415031e+10
1.8427846708449642e+10
1.8943697891421104e+10
1.9337487695741360e+10
1.7670965640996056e+10
1.5982304614602943e+10
1.8007419841459362e+10
1.7811388408136536e+10
1.7432393563527908e+10
1.5896263062641171e+10
1.5824778495941996e+10
1.5824460482588791e+10
1.7035935144455708e+10
1.7109762226553244e+10
1.6923969282291647e+10
1.6746843327693066e+10
1.8987775615213760e+10
1.5764747819672461e+10
1.5913747453798349e+10
