2.7483386563865513e+10
2.3803549875080338e+10
2.1616223614983120e+10
2.1330915787529667e+10
2.2720353619992165e+10
2.0372078406313908e+10
2.1862963903243553e+10
1.9111713686947628e+10
2.0138658741041344e+10
2.1942301923578854e+10
2.2013718953651321e+10
2.2017495806330727e+10
2.1306744020779892e+10
1.7640933351856525e+10
2.4473809580972824e+10
2.4694832580738483e+10
2.2414467047383327e+10
2.2771504132187233e+10
2.1145873665768784e+10
2.0937773783954754e+10
2.3326595358313366e+10
2.2578390261001163e+10
2.1691289281708855e+10
2.0935451711126270e+10
2.1428138282957893e+10
2.5359288622502750e+10
2.1392679200386284e+10
2.4439483447269463e+10
2.3354996840859951e+10
2.1075662011524906e+10
2.3276977441702557e+10
2.1080399342606739e+10
1.8936113214117950e+10
1.9711438078112984e+10
1.9535654218147694e+10
2.0800936069386227e+10
1.9725497647944939e+10
1.9710619989533882e+10
1.9529811360712116e+10
1.9710531475574310e+10
1.9725522715272568e+10
1.9529817946581852e+10
1.9511151179214550e+10
1.9511150014920017e+10
2.1399009847135860e+10
1.8591426292315899e+10
1.9319777887599274e+10
2.0324277002305275e+10
1.8431060934678707e+10
1.8943770484358284e+10
1.9337487456852066e+10
1.7670636025684563e+10
1.6003855393053308e+10
1.8029926788704071e+10
1.7813202490513851e+10
1.7434223721581776e+10
1.5919395269218479e+10
1.5845554158505592e+10
1.5824137305182756e+10
1.7035824006942881e+10
1.7113745666767836e+10
1.6931503024131815e+10
1.6750539965047537e+10
1.8987787450821968e+10
1.5765506145068668e+10
1.5913737334761089e+10
