2.7483392339244957e+10
2.3803577372551804e+10
2.1615455679133389e+10
2.1330864139428440e+10
2.2719848811476913e+10
2.0371611617174137e+10
2.1862975603731144e+10
1.9111410169909286e+10
2.0138604359882282e+10
2.1942449831348614e+10
2.1987069451807091e+10
2.1990976362239807e+10
2.1306328591231792e+10
1.7641050400306728e+10
2.4473765477540092e+10
2.4694818816692493e+10
2.2387449698446770e+10
2.2744555505046207e+10
2.1145984185187595e+10
2.0936147594970707e+10
2.3326690003035233e+10
2.2578547490818222e+10
2.1683298696504200e+10
2.0927652046710861e+10
2.1428158590969818e+10
2.5332153337957527e+10
2.1366089338883053e+10
2.4439476730945255e+10
2.3355158250034393e+10
2.1073991644108276e+10
2.3269153599483608e+10
2.1072395125160366e+10
1.8936204565222347e+10
1.9711551192204132e+10
1.9534127503677746e+10
2.0800958473188076e+10
1.9698564147830826e+10
1.9685915044623425e+10
1.9526051086688408e+10
1.9685851044677879e+10
1.9698506576354561e+10
1.9526053327982029e+10
1.9511327582404640e+10
1.9511325918757801e+10
2.1399009749815319e+10
1.8591440390171398e+10
1.9319747449203495e+10
2.0324270347946957e+10
1.8429662156713913e+10
1.8943726986302460e+10
1.9337487495043301e+10
1.7670749013455338e+10
1.5996715056569820e+10
1.8022106875646145e+10
1.7812398050386604e+10
1.7433413117778305e+10
1.5911498704109846e+10
1.5838639729624031e+10
1.5824246675392525e+10
1.7035871285148605e+10
1.7112063011866657e+10
1.6928295143736525e+10
1.6748974516337372e+10
1.8987779509633705e+10
1.5765115965609116e+10
1.5913742458433601e+10
