2.7822779607922916e+09
2.3973928847059636e+09
2.2065281185828280e+09
2.1721252551137333e+09
2.3300053879860215e+09
2.0919789424528086e+09
2.2007179856560473e+09
1.9457096704483678e+09
2.0498057944546194e+09
2.2143556430108800e+09
2.4620364204288020e+09
2.4681858415299659e+09
2.1767567318494682e+09
1.7821986942651930e+09
2.4919532891966333e+09
2.5252250222865372e+09
2.4339746566278806e+09
2.6172889310718837e+09
2.1308826877030103e+09
2.1411808739104798e+09
2.3670051825766721e+09
2.2650673248439975e+09
2.2034989471765079e+09
2.1464929469406910e+09
2.1894345576482501e+09
2.7482065254128904e+09
2.4638760535759406e+09
2.4986147374101815e+09
2.3431662848714833e+09
2.1662384907275200e+09
2.3657456172465086e+09
2.1606919655039926e+09
1.9193566070363922e+09
1.9912317944335313e+09
2.0107606524497075e+09
2.1008962807104099e+09
2.0714797114598525e+09
2.3403431120719833e+09
2.3066767803182573e+09
2.3404652356348038e+09
2.0695841159489336e+09
2.3059325302636828e+09
1.9528203706526842e+09
1.9530438389344196e+09
2.1701859995549884e+09
1.9017794406678116e+09
1.9755408295442994e+09
2.0773356653381801e+09
1.8902574440663235e+09
1.9325362011068163e+09
1.9628959133499653e+09
1.7716037773621762e+09
1.6929884308715582e+09
1.8307049918925140e+09
1.8528311106299515e+09
1.8171793357356884e+09
1.6155649248278582e+09
1.6745513187190475e+09
1.5866858577907486e+09
1.7161587651935816e+09
1.7804092649011464e+09
1.7297704183663046e+09
1.7461437352834489e+09
1.9397213851331403e+09
1.6095464024442914e+09
1.6143257266350760e+09
