2.7483394836550045e+10
2.3803592434825882e+10
2.1615107137740166e+10
2.1330845092135612e+10
2.2719617917725342e+10
2.0371397465295460e+10
2.1862980895417858e+10
1.9111279497163361e+10
2.0138584223341885e+10
2.1942568823659195e+10
2.1967114536511543e+10
2.1971104456330112e+10
2.1306141829610394e+10
1.7641151223953453e+10
2.4473749495107910e+10
2.4694862578707340e+10
2.2367369096527588e+10
2.2724536107996021e+10
2.1146057759227077e+10
2.0935267312540874e+10
2.3326756960021866e+10
2.2578670355231129e+10
2.1678009404723534e+10
2.0922475300530060e+10
2.1428171277802258e+10
2.5312323736969837e+10
2.1346137099506733e+10
2.4439523748432777e+10
2.3355283067920059e+10
2.1073078778742268e+10
2.3264032122963840e+10
2.1067067239381947e+10
1.8936271679438736e+10
1.9711628156515156e+10
1.9533293086030643e+10
2.0800970566591537e+10
1.9677802111203243e+10
1.9667135504905357e+10
1.9523353678574348e+10
1.9667088475856827e+10
1.9677706484731678e+10
1.9523354209316807e+10
1.9511469498037674e+10
1.9511467695376324e+10
2.1399009773769787e+10
1.8591449607025860e+10
1.9319736973747631e+10
2.0324268349548878e+10
1.8428900623219467e+10
1.8943710863696545e+10
1.9337487581306156e+10
1.7670824316482513e+10
1.5991823910865261e+10
1.8016961648865944e+10
1.7811964275447590e+10
1.7432975494588669e+10
1.5906223558992418e+10
1.5833923533645872e+10
1.5824320373879976e+10
1.7035897693073128e+10
1.7111117290343023e+10
1.6926509005407602e+10
1.6748096962256037e+10
1.8987777101815414e+10
1.5764937600469614e+10
1.5913744862933172e+10
