2.7483389452733948e+10
2.3803562752759026e+10
2.1615844392166042e+10
2.1330888894417622e+10
2.2720105027329147e+10
2.0371848735739197e+10
2.1862969683694347e+10
1.9111561615146004e+10
2.0138630452496754e+10
2.1942363679887699e+10
2.2002312775266228e+10
2.2006149007137547e+10
2.1306538405201233e+10
1.7640981104154442e+10
2.4473786486902184e+10
2.4694814933386261e+10
2.2402878702044472e+10
2.2759937149289425e+10
2.1145922573291382e+10
2.0937008783509720e+10
2.3326636166254860e+10
2.2578456638803703e+10
2.1687742143482277e+10
2.0931991153983692e+10
2.1428147303767094e+10
2.5347574684159061e+10
2.1381295276385750e+10
2.4439469250410629e+10
2.3355065216273315e+10
2.1074878525709309e+10
2.3273497950911278e+10
2.1076849969094990e+10
1.8936152072901508e+10
1.9711487780948849e+10
1.9534938163344555e+10
2.0800946618712265e+10
1.9714086059891804e+10
1.9700089889366520e+10
1.9528188317192902e+10
1.9700011530476955e+10
1.9714072226080635e+10
1.9528192710200588e+10
1.9511224756830471e+10
1.9511223335303391e+10
2.1399009770586620e+10
1.8591432424915138e+10
1.9319761739708649e+10
2.0324273358130356e+10
1.8430404133746735e+10
1.8943747844674114e+10
1.9337487446024044e+10
1.7670686013742496e+10
1.6000728384893484e+10
1.8026451495853195e+10
1.7812824245438358e+10
1.7433842720024162e+10
1.5915902655595230e+10
1.5842522589140724e+10
1.5824185514440735e+10
1.7035846026149626e+10
1.7112963435319826e+10
1.6930007816515026e+10
1.6749811508243750e+10
1.8987783113282837e+10
1.5765313961678228e+10
1.5913739833493507e+10
