2.7870032650984426e+09
2.3993202210511847e+09
2.2088769337643414e+09
2.1768644140490851e+09
2.3372870072692714e+09
2.0991642387680836e+09
2.2024333425864196e+09
1.9469576690476017e+09
2.0538624248740039e+09
2.2182887989156280e+09
2.4899949039351778e+09
2.4961415920222807e+09
2.1805857910153861e+09
1.7858084557300637e+09
2.4953718754104996e+09
2.5371425693447351e+09
2.4595091579429250e+09
2.6427901163997564e+09
2.1336892771117938e+09
2.1447875452082984e+09
2.3730423012205219e+09
2.2664454006536059e+09
2.2057915527813282e+09
2.1609061742113543e+09
2.1968081185810356e+09
2.7764071504316030e+09
2.4871257388859882e+09
2.5101653667960157e+09
2.3446493799501295e+09
2.1720950735540152e+09
2.3688360667325978e+09
2.1747280576626244e+09
1.9239207261905999e+09
1.9947682476993997e+09
2.0168065451509569e+09
2.1039244600344672e+09
2.0863537806555595e+09
2.3467100682223315e+09
2.3390116755580568e+09
2.3467872673811741e+09
2.0842018009852200e+09
2.3380983512134714e+09
1.9531720607279327e+09
1.9534414755671155e+09
2.1735707028881788e+09
1.9084258191117527e+09
1.9802025038039322e+09
2.0831607876920266e+09
1.8949188284404798e+09
1.9361671505443468e+09
1.9661882673205817e+09
1.7723407161066074e+09
1.7211780297225807e+09
1.8298884159859278e+09
1.8644549651331983e+09
1.8287972556266379e+09
1.6147291947641027e+09
1.7022144034797008e+09
1.5874149313964190e+09
1.7182743891628890e+09
1.7916377121054394e+09
1.7320187307668371e+09
1.7576077433350835e+09
1.9449198713305705e+09
1.6121073766605468e+09
1.6175597053108144e+09
