2.7699248861161766e+09
2.3927466389865227e+09
2.2005609922047462e+09
2.1597559883302250e+09
2.3105619756338100e+09
2.0726942005005012e+09
2.1963660013019900e+09
1.9422920992037730e+09
2.0391743171081142e+09
2.2042012488287439e+09
2.3583529564602265e+09
2.3630922428197737e+09
2.1668879990032244e+09
1.7727302552931354e+09
2.4829039294379029e+09
2.4961983387996707e+09
2.3528732671392550e+09
2.5003173467155252e+09
2.1235696957296472e+09
2.1324396273853812e+09
2.3514374427910409e+09
2.2615745312929010e+09
2.2033962033409166e+09
2.1268923180201540e+09
2.1693536530037003e+09
2.6596722060988140e+09
2.3543133524468117e+09
2.4702322320821929e+09
2.3394798101442060e+09
2.1491765217890806e+09
2.3646258413049202e+09
2.1417555334032576e+09
1.9076168975742171e+09
1.9817805851369519e+09
1.9931397997278740e+09
2.0930950769672902e+09
2.0298505474678967e+09
2.2768556413418379e+09
2.1384000284284844e+09
2.2771629736750331e+09
2.0288437905168240e+09
2.1381932488856144e+09
1.9519236912992129e+09
1.9520254413042994e+09
2.1614015344337749e+09
1.8836299460724263e+09
1.9639503211906354e+09
2.0621930639796679e+09
1.8788545356542597e+09
1.9230319046600907e+09
1.9543669893806713e+09
1.7697679746963561e+09
1.6364730938240669e+09
1.8329339571402307e+09
1.8193553582418773e+09
1.7827665843442283e+09
1.6178836580661788e+09
1.6197249744525552e+09
1.5848611556430078e+09
1.7105835653786309e+09
1.7526818707285137e+09
1.7251210962280111e+09
1.7170230900111830e+09
1.9261034856070652e+09
1.6027212935183265e+09
1.6058900756033895e+09
