2.7817757916662526e+09
2.3971938572657390e+09
2.2062795065728273e+09
2.1716235429125295e+09
2.3292273022800136e+09
2.0912098896417220e+09
2.2005375778053327e+09
1.9455749969293401e+09
2.0493756005107307e+09
2.2139396743669519e+09
2.4587494271349421e+09
2.4648867958390241e+09
2.1763508475753169e+09
1.7818147830309644e+09
2.4915886443917480e+09
2.5239833325012031e+09
2.4310977988640776e+09
2.6141192217732997e+09
2.1305847134237604e+09
2.1408017823478405e+09
2.3663672581528339e+09
2.2649223346039677e+09
2.2033406850299678e+09
2.1451776097156320e+09
2.1886397729161987e+09
2.7450405721026025e+09
2.4609653027364850e+09
2.4974090348873739e+09
2.3430112509258313e+09
2.1655885885933518e+09
2.3655169379942641e+09
2.1594147176320310e+09
1.9188748931902804e+09
1.9908529793913593e+09
2.0100903230929375e+09
2.1005761950557168e+09
2.0698635053486845e+09
2.3393823113420701e+09
2.3023936044214473e+09
2.3395102290301113e+09
2.0679974206518207e+09
2.3016692365034909e+09
1.9527832824105117e+09
1.9530018460508790e+09
2.1698276749787598e+09
1.9010618940012708e+09
1.9750521889491644e+09
2.0767163667268293e+09
1.8897661145550561e+09
1.9321499351136954e+09
1.9625478509882758e+09
1.7715266883262613e+09
1.6900958459935048e+09
1.8307973676592371e+09
1.8515640260208514e+09
1.8159007719417012e+09
1.6156596389559650e+09
1.6717219152086997e+09
1.5866094834842815e+09
1.7159331727510188e+09
1.7792863595359468e+09
1.7295474603898652e+09
1.7449852811569977e+09
1.9391678553407519e+09
1.6092727006792552e+09
1.6139821551008909e+09
