2.7789615721528816e+09
2.3960970513508010e+09
2.2048928035919271e+09
2.1688142746816745e+09
2.3248510459891634e+09
2.0868806850903902e+09
2.1995327522044821e+09
1.9448133618283894e+09
2.0469665010732296e+09
2.2116150733659415e+09
2.4390734940335259e+09
2.4450915176598730e+09
2.1740819630661621e+09
1.7796623096299839e+09
2.4895409167517605e+09
2.5171228896577168e+09
2.4143657718358641e+09
2.5944038400671864e+09
2.1289163780959618e+09
2.1387047663671563e+09
2.3628050763757458e+09
2.2641150734839168e+09
2.2027353091472402e+09
2.1386174412488453e+09
2.1841489907615142e+09
2.7266629661953659e+09
2.4427723640823874e+09
2.4907366629215188e+09
2.3421511343954434e+09
2.1618547444527006e+09
2.3645664492518697e+09
2.1530531235141954e+09
1.9161854860473042e+09
1.9887213828953393e+09
2.0062384044645636e+09
2.0987876825866613e+09
2.0606841967459762e+09
2.3325282103727169e+09
2.2748181626403408e+09
2.3326922874581075e+09
2.0589942980058181e+09
2.2742107734659796e+09
1.9525764972063153e+09
1.9527675156015356e+09
2.1678242993849530e+09
1.8970050307846236e+09
1.9723396223985243e+09
2.0732483722675734e+09
1.8870423773538735e+09
1.9299851147855177e+09
1.9606019809462984e+09
1.7710988198734882e+09
1.6745243219643354e+09
1.8313255368733268e+09
1.8443302310903180e+09
1.8085615618554287e+09
1.6162031896423559e+09
1.6565244854152493e+09
1.5861852039725368e+09
1.7146673548122182e+09
1.7731198902365072e+09
1.7283530254060984e+09
1.7385824882830870e+09
1.9360641632380736e+09
1.6077324768146896e+09
1.6120589936901646e+09
