2.7483396797174397e+10
2.3803607759719879e+10
2.1614819658689697e+10
2.1330832668902424e+10
2.2719426366673363e+10
2.0371219298132381e+10
2.1862985238618385e+10
1.9111177131949013e+10
2.0138571022767258e+10
2.1942760938038292e+10
2.1937014723622948e+10
2.1941101341943226e+10
2.1305989229403477e+10
1.7641326248456551e+10
2.4473739140342167e+10
2.4694988440316254e+10
2.2337301098489132e+10
2.2694629144783627e+10
2.1146151941685673e+10
2.0934376014749012e+10
2.3326845420610622e+10
2.2578864182046398e+10
2.1671285732858463e+10
2.0915882133465549e+10
2.1428185176741894e+10
2.5283218345562527e+10
2.1315982313317631e+10
2.4439652264118504e+10
2.3355477791894089e+10
2.1072147716271919e+10
2.3257570777063942e+10
2.1060256408057953e+10
1.8936363460110611e+10
1.9711728865204933e+10
1.9532441168365265e+10
2.0800982765212063e+10
1.9645825181138947e+10
1.9638313729399548e+10
1.9519650629523808e+10
1.9638288489891346e+10
1.9645710636065971e+10
1.9519650196546059e+10
1.9511697013335667e+10
1.9511695346343464e+10
2.1399009814638390e+10
1.8591459920523388e+10
1.9319730531317371e+10
2.0324267296786922e+10
1.8428125001484047e+10
1.8943700201717628e+10
1.9337487670825771e+10
1.7670920906960777e+10
1.5985368965059551e+10
1.8010427244087936e+10
1.7811535024218010e+10
1.7432541893571091e+10
1.5899425784255796e+10
1.5827717522967985e+10
1.5824415871609577e+10
1.7035925124469973e+10
1.7110127159291964e+10
1.6924650466087492e+10
1.6747180461181293e+10
1.8987775826653008e+10
1.5764789643875439e+10
1.5913746880816120e+10
