2.7827792229150715e+09
2.3975926482994933e+09
2.2067764972212276e+09
2.1726263532434573e+09
2.3307812210946579e+09
2.0927457758924916e+09
2.2008983782213011e+09
1.9458436945723038e+09
2.0502351870082135e+09
2.2147712546233563e+09
2.4652533448409848e+09
2.4714120305319667e+09
2.1771620601744351e+09
1.7825818312993786e+09
2.4923169613965664e+09
2.5264694281357212e+09
2.4368137894713554e+09
2.6203565813815479e+09
2.1311801483812013e+09
2.1415603122313325e+09
2.3676424512991099e+09
2.2652123269215031e+09
2.2036726728873482e+09
2.1478482633890252e+09
2.1902260653259926e+09
2.7513336490391369e+09
2.4666889230446534e+09
2.4998222585762897e+09
2.3433215271551332e+09
2.1668819478267860e+09
2.3659922680730157e+09
2.1620093026265287e+09
1.9198379672419310e+09
1.9916093068474963e+09
2.0114244058218288e+09
2.1012160926435575e+09
2.0730862010620606e+09
2.3412364229643230e+09
2.3107739247331786e+09
2.3413529678451829e+09
2.0711614756431146e+09
2.3100100367070293e+09
1.9528574446263940e+09
1.9530858049346857e+09
2.1705438562157693e+09
1.9024935178887069e+09
1.9760298544971230e+09
2.0779538158058636e+09
1.8907490489470689e+09
1.9329217874536157e+09
1.9632436034099903e+09
1.7716809606571200e+09
1.6959026948484297e+09
1.8306135624479778e+09
1.8540890135826757e+09
1.8184464199830668e+09
1.6154712729147310e+09
1.6774042180029430e+09
1.5867623035846972e+09
1.7163837829753599e+09
1.7815399842334361e+09
1.7299959825953815e+09
1.7473084215038149e+09
1.9402737274778728e+09
1.6098192227592800e+09
1.6146686368470073e+09
