2.7768789778595843e+09
2.3953039934080787e+09
2.2038757967542982e+09
2.1667363434057150e+09
2.3215937256289940e+09
2.0836533494698985e+09
2.1987953539271159e+09
1.9442414582955410e+09
2.0451824466598759e+09
2.2099009606398120e+09
2.4230262203267608e+09
2.4288875420762625e+09
2.1724100865474510e+09
1.7780682157026012e+09
2.4880201282905002e+09
2.5121547372152534e+09
2.4012865464905009e+09
2.5773914893743258e+09
2.1276829220405803e+09
2.1371893382228694e+09
2.3601798210466566e+09
2.2635231705385661e+09
2.2025734010653005e+09
2.1346606143333571e+09
2.1807877234006438e+09
2.7123442101405096e+09
2.4269629549858198e+09
2.4858917444618430e+09
2.3415238339190340e+09
2.1590019479527426e+09
2.3642015060604467e+09
2.1492267371703696e+09
1.9142048270718675e+09
1.9871345972650454e+09
2.0032945993962204e+09
2.0974695887478826e+09
2.0537596137763140e+09
2.3253558387890425e+09
2.2501149696415176e+09
2.3255506116680436e+09
2.0522106431252580e+09
2.2495988557486367e+09
1.9524245938158062e+09
1.9525951615165100e+09
2.1663442143416405e+09
1.8939660191907523e+09
1.9703614963491681e+09
2.0706874286655161e+09
1.8850692773330512e+09
1.9283829643257904e+09
1.9591651925300882e+09
1.7707866212195332e+09
1.6639018218309059e+09
1.8317197252218366e+09
1.8388219946691267e+09
1.8029276604932432e+09
1.6166108819811172e+09
1.6461954162776074e+09
1.5858752110474932e+09
1.7137284483899362e+09
1.7685984213272018e+09
1.7275288070644381e+09
1.7338466001058226e+09
1.9337667130932322e+09
1.6065859856183360e+09
1.6106369192301371e+09
