2.7807604857376943e+09
2.3967945391836624e+09
2.2057777260846953e+09
2.1706096461440897e+09
2.3276512737036190e+09
2.0896519169764352e+09
2.2001738445893888e+09
1.9453015855565832e+09
2.0485058894944878e+09
2.2130997562410378e+09
2.4519009260920229e+09
2.4580064377527895e+09
2.1755311998936148e+09
1.7810383764180863e+09
2.4908505373038964e+09
2.5214888852161045e+09
2.4251817101806917e+09
2.6074009292837625e+09
2.1299824173474171e+09
2.1400396514934332e+09
2.3650799204669156e+09
2.2646300704052486e+09
2.2030682989858356e+09
2.1426510293854961e+09
2.1870264153818903e+09
2.7385347717620659e+09
2.4547826951369843e+09
2.4949848346866312e+09
2.3426992841467872e+09
2.1642592512420769e+09
2.3651100970680032e+09
2.1569624777196355e+09
1.9179024433838391e+09
1.9900855573797989e+09
2.0087187631171670e+09
2.0999297809659119e+09
2.0665750521768548e+09
2.3372182689908681e+09
2.2931636938566904e+09
2.3373584904810586e+09
2.0647707545468583e+09
2.2924803861777186e+09
1.9527084678956230e+09
1.9529171046393907e+09
2.1691040947088895e+09
1.8996049168366098e+09
1.9740683258345547e+09
2.0754645778196232e+09
1.8887768545418303e+09
1.9313690551087193e+09
1.9618449743069122e+09
1.7713715147546620e+09
1.6843420872937355e+09
1.8309862885188568e+09
1.8489805802733953e+09
1.8132873377807758e+09
1.6158537511466522e+09
1.6660992937800233e+09
1.5864556847435534e+09
1.7154768372246001e+09
1.7770415033136508e+09
1.7291058518181555e+09
1.7426628574503913e+09
1.9380483390864201e+09
1.6087182917509854e+09
1.6132880432242923e+09
