2.7641489487561121e+09
2.3907013543562155e+09
2.1979672384539518e+09
2.1538428860178056e+09
2.3012275031101184e+09
2.0633684453966577e+09
2.1943814103326774e+09
1.9406621229327512e+09
2.0340746780247812e+09
2.1994463402715058e+09
2.2876403754600863e+09
2.2903094894232335e+09
2.1624407390348086e+09
1.7682360061670318e+09
2.4786297790618706e+09
2.4833729522053580e+09
2.3062859879933195e+09
2.3995132132437601e+09
2.1201394988242822e+09
2.1289425199072683e+09
2.3441289838546805e+09
2.2599765005914488e+09
2.2046938252395978e+09
2.1256221238873053e+09
2.1596355739954543e+09
2.6094545826473203e+09
2.2573291843598056e+09
2.4575343454410295e+09
2.3378246061425767e+09
2.1411280737330863e+09
2.3657994670424557e+09
2.1405606121744092e+09
1.9021196685903225e+09
1.9772577705602155e+09
1.9847964073674672e+09
2.0894752725908186e+09
2.0091028511853056e+09
2.1655499119909902e+09
2.0239730660304801e+09
2.1658593812941022e+09
2.0086398853964517e+09
2.0239746460164144e+09
1.9515121140089586e+09
1.9515556063686497e+09
2.1572743203368344e+09
1.8748641213839598e+09
1.9588916722009797e+09
2.0552571434489038e+09
1.8742456960663171e+09
1.9185992165680156e+09
1.9503546021030273e+09
1.7689471388345516e+09
1.6248473027907050e+09
1.8335990342858617e+09
1.8017657855681863e+09
1.7643346595267401e+09
1.6186091857096364e+09
1.6086093013009131e+09
1.5840401044698086e+09
1.7079492923940620e+09
1.7379400548616471e+09
1.7234884041162241e+09
1.7013873909548235e+09
1.9197818773148034e+09
1.5995153347615492e+09
1.6019440598919315e+09
