2.7799910427603245e+09
2.3964946912177687e+09
2.2053984001253109e+09
2.1698416263797178e+09
2.3264551442322459e+09
2.0884684415998671e+09
2.1998991347332573e+09
1.9450934203013427e+09
2.0478474399578190e+09
2.2124641360072083e+09
2.4465262876064744e+09
2.4525990312070713e+09
2.1749109036448774e+09
1.7804498054292822e+09
2.4902907798535643e+09
2.5196128345104179e+09
2.4206089534162455e+09
2.6020203608063540e+09
2.1295263702064619e+09
2.1394661752724528e+09
2.3641060734813643e+09
2.2644093686437669e+09
2.2029029811293297e+09
2.1408562120091004e+09
2.1857987507897854e+09
2.7335117999044948e+09
2.4498181342984819e+09
2.4931605679914508e+09
2.3424641190234518e+09
2.1632383712235169e+09
2.3648504441377201e+09
2.1552218610466113e+09
1.9171672888534513e+09
1.9895028293062723e+09
2.0076656884110196e+09
2.0994408197694533e+09
2.0640657236216469e+09
2.3353579645655694e+09
2.2856391623459301e+09
2.3355080798897457e+09
2.0623094606705942e+09
2.2849878761964421e+09
1.9526519332821798e+09
1.9528530393070524e+09
2.1685564618775864e+09
1.8984959029206059e+09
1.9733267636586807e+09
2.0745165020706086e+09
1.8880318927360444e+09
1.9307772110473106e+09
1.9613129027918930e+09
1.7712545333594711e+09
1.6800789874082382e+09
1.8311309073593493e+09
1.8470028341840839e+09
1.8112816319873481e+09
1.6160025480995653e+09
1.6619386382971225e+09
1.5863396851140842e+09
1.7151307723456047e+09
1.7753579997942581e+09
1.7287792834637988e+09
1.7409146199834189e+09
1.9371995584055119e+09
1.6082972557184350e+09
1.6127622916394174e+09
