2.7726282708562541e+09
2.3937267582077665e+09
2.2018315532838502e+09
2.1624826611223674e+09
2.3148813204073133e+09
2.0769917428103259e+09
2.1973053077296271e+09
1.9430563313036149e+09
2.0415236128929064e+09
2.2064145044341946e+09
2.3857462816292596e+09
2.3910529815372338e+09
2.1690209066780534e+09
1.7748101160391109e+09
2.4849006080831604e+09
2.5022951272815275e+09
2.3726109046548281e+09
2.5346427067579045e+09
2.1251687583260300e+09
2.1342231490157115e+09
2.3548367736444349e+09
2.2623277706454043e+09
2.2028761463207922e+09
2.1289513171495080e+09
2.1738338100338798e+09
2.6810848215657992e+09
2.3868551970835485e+09
2.4762344432022829e+09
2.3402661205844307e+09
2.1530225453007479e+09
2.3642149962394218e+09
2.1437263633032553e+09
1.9101772316965630e+09
1.9838722722374947e+09
1.9971168745112987e+09
2.0947922321506865e+09
2.0392875012038012e+09
2.3018543198639321e+09
2.1871055416413932e+09
2.3021188435367317e+09
2.0380561018263257e+09
2.1867804220814013e+09
1.9521173779291580e+09
1.9522460130836942e+09
2.1633255063068171e+09
1.8876789160426402e+09
1.9664055382068517e+09
2.0654818814433198e+09
1.8811925316187139e+09
1.9251122446064494e+09
1.9562346922351284e+09
1.7701597778206160e+09
1.6454595569729867e+09
1.8324937115273318e+09
1.8271318619380026e+09
1.7908614469062684e+09
1.6174183339766116e+09
1.6283586549374566e+09
1.5852517493905995e+09
1.7118085742768691e+09
1.7590957821262078e+09
1.7259962268647299e+09
1.7238194670206652e+09
1.9290795509794016e+09
1.6042290856337430e+09
1.6077353715930693e+09
