2.7794767604511390e+09
2.3962955630035453e+09
2.2051456124163952e+09
2.1693282566465163e+09
2.3256544792457085e+09
2.0876760203129985e+09
2.1997159647211876e+09
1.9449537611646385e+09
2.0474074022749314e+09
2.2120398211230154e+09
2.4428415864497309e+09
2.4488889551471739e+09
2.1744966999940891e+09
1.7800564720159042e+09
2.4899163517387576e+09
2.5183662585703745e+09
2.4175083057979360e+09
2.5982773867585640e+09
2.1292216505084944e+09
2.1390849716149254e+09
2.3634558859846883e+09
2.2642622149200783e+09
2.2028116862200284e+09
2.1397146258882649e+09
2.1849757879493279e+09
2.7301093242011943e+09
2.4463581404676156e+09
2.4919475315404086e+09
2.3423075349820399e+09
2.1625495362659993e+09
2.3646997303423800e+09
2.1541158294757781e+09
1.9166766121534748e+09
1.9891127485821140e+09
2.0069552620557272e+09
2.0991144228389444e+09
2.0623799183675826e+09
2.3339962530170631e+09
2.2803441341409216e+09
2.3341532538838801e+09
2.0606567410374436e+09
2.2797146641626606e+09
1.9526142233874626e+09
1.9528102922958231e+09
2.1681907164035640e+09
1.8977520826419728e+09
1.9728329690186470e+09
2.0738829466936438e+09
1.8875365964488735e+09
1.9303815701567910e+09
1.9609576250453992e+09
1.7711766387003312e+09
1.6772816438308911e+09
1.8312280105323591e+09
1.8456718493603323e+09
1.8099282167442496e+09
1.6161025834522221e+09
1.6592111048719239e+09
1.5862624177037146e+09
1.7148993502271793e+09
1.7742385155153160e+09
1.7285648494041622e+09
1.7397491930033405e+09
1.9366323462955840e+09
1.6080152497324529e+09
1.6124109945652580e+09
