2.7483395160260345e+10
2.3803594658361801e+10
2.1615060759061058e+10
2.1330842844946980e+10
2.2719587097759174e+10
2.0371368836539528e+10
2.1862981597710583e+10
1.9111262580415844e+10
2.0138581841631554e+10
2.1942590563536716e+10
2.1963585824188427e+10
2.1967588490397362e+10
2.1306117105544571e+10
1.7641170279068626e+10
2.4473747619935268e+10
2.4694874078072144e+10
2.2363828391485058e+10
2.2721017735384129e+10
2.1146069867522236e+10
2.0935137865146317e+10
2.3326768192091648e+10
2.2578692535292683e+10
2.1677144197085606e+10
2.0921627768286537e+10
2.1428173234894390e+10
2.5308867982364693e+10
2.1342608384833706e+10
2.4439535680178375e+10
2.3355305482176346e+10
2.1072944035223621e+10
2.3263196726991745e+10
2.1066191206391785e+10
1.8936283133866699e+10
1.9711640960247890e+10
1.9533169858863857e+10
2.0800972342615215e+10
1.9674086887313522e+10
1.9663790701658756e+10
1.9522893925774364e+10
1.9663746760535812e+10
1.9673986458562477e+10
1.9522894259364536e+10
1.9511495369071495e+10
1.9511493562104939e+10
2.1399009779422630e+10
1.8591451047750359e+10
1.9319735779116760e+10
2.0324268139646225e+10
1.8428788211375835e+10
1.8943708950277370e+10
1.9337487595061195e+10
1.7670836719927341e+10
1.5991006972586615e+10
1.8016117139523808e+10
1.7811900954097187e+10
1.7432911571664143e+10
1.5905353474294596e+10
1.5833136597916233e+10
1.5824332575608555e+10
1.7035901632670702e+10
1.7110975611169800e+10
1.6926242332520296e+10
1.6747965666980406e+10
1.8987776847973934e+10
1.5764913792823788e+10
1.5913745186371319e+10
