2.7682874278886042e+09
2.3921602641873102e+09
2.1998061246443472e+09
2.1580935013475814e+09
2.3079269317109218e+09
2.0700681284065917e+09
2.1957999581799054e+09
1.9418273048451631e+09
2.0377406657352502e+09
2.2028599633878646e+09
2.3401417112580872e+09
2.3444311846759648e+09
2.1656079997228918e+09
1.7714659202942746e+09
2.4816907476146350e+09
2.4925537808198538e+09
2.3403064204918976e+09
2.4760887153682570e+09
2.1226000124110844e+09
2.1314034451117239e+09
2.3493744863062239e+09
2.2611205487442565e+09
2.2037789510444994e+09
2.1261735553905149e+09
2.1666193488253994e+09
2.6460815205980511e+09
2.3311865482523780e+09
2.4666329695453601e+09
2.3390077580282459e+09
2.1468587643910251e+09
2.3649639138079605e+09
2.1410725715673175e+09
1.9060638051815240e+09
1.9805071818443992e+09
1.9907398393854718e+09
2.0920684128814645e+09
2.0240493850277843e+09
2.2556121711083136e+09
2.1063742365948644e+09
2.2559396659277511e+09
2.0231878034090252e+09
2.1062351608668377e+09
1.9518068403534160e+09
1.9518922151546342e+09
2.1602339088662758e+09
1.8811608951516149e+09
1.9624886276890678e+09
2.0602126691020339e+09
1.8774925458507366e+09
1.9217722784279850e+09
1.9532325727852390e+09
1.7695331796368716e+09
1.6321695406076903e+09
1.8331681186378508e+09
1.8145071567555294e+09
1.7776989679274640e+09
1.6181344006955698e+09
1.6156071997303889e+09
1.5846267618683813e+09
1.7098397018357916e+09
1.7486345875344603e+09
1.7246261415496588e+09
1.7127308642530737e+09
1.9243047667899334e+09
1.6018072784619334e+09
1.6047722803447504e+09
