2.7483383130842949e+10
2.3803536091077133e+10
2.1616664717800652e+10
2.1330949905766747e+10
2.2720641530514568e+10
2.0372344003475380e+10
2.1862957172469406e+10
1.9111895103671803e+10
2.0138694571182247e+10
2.1942245702083790e+10
2.2024520745541912e+10
2.2028240582241714e+10
2.1306984305962173e+10
1.7640891273003078e+10
2.4473839230401512e+10
2.4694868066401115e+10
2.2425480966212105e+10
2.2782484630876133e+10
2.1145825421808304e+10
2.0938601474952065e+10
2.3326557186248623e+10
2.2578328720663052e+10
2.1694809085447620e+10
2.0938877232683697e+10
2.1428129670530693e+10
2.5370492420111954e+10
2.1403432838629330e+10
2.4439514993477715e+10
2.3354933145272369e+10
2.1076505151109104e+10
2.3280447252085239e+10
2.1083903325001190e+10
1.8936077673291767e+10
1.9711389574130642e+10
1.9536425001260513e+10
2.0800924653355320e+10
1.9736088034238354e+10
1.9720526148793392e+10
1.9531357329481739e+10
1.9720428177684467e+10
1.9736155231705307e+10
1.9531366518252064e+10
1.9511084388515884e+10
1.9511083523514259e+10
2.1399010011121674e+10
1.8591420731054260e+10
1.9319799097361713e+10
2.0324282057139156e+10
1.8431768430681721e+10
1.8943799230898693e+10
1.9337487551835777e+10
1.7670586722029606e+10
1.6006907853233465e+10
1.8033373692883476e+10
1.7813610134512638e+10
1.7434634079771423e+10
1.5922841006671087e+10
1.5848513973845312e+10
1.5824090032753222e+10
1.7035800618410852e+10
1.7114574654125359e+10
1.6933091001095770e+10
1.6751312861892794e+10
1.8987793437973305e+10
1.5765728827657412e+10
1.5913734504543289e+10
