2.7787035966269083e+09
2.3959980137458820e+09
2.2047663974347925e+09
2.1685569340109725e+09
2.3244485285902963e+09
2.0864820326621652e+09
2.1994411249043112e+09
1.9447428891945243e+09
2.0467456724710698e+09
2.2114024876051130e+09
2.4371573540108385e+09
2.4431593032384310e+09
2.1738744003304672e+09
1.7794649157511430e+09
2.4893528246330104e+09
2.5165024335351496e+09
2.4127783528224316e+09
2.5924166825766568e+09
2.1287635336775525e+09
2.1385150705716007e+09
2.3624794354689293e+09
2.2640414988290353e+09
2.2027026348041744e+09
2.1380854989382517e+09
2.1837343004700375e+09
2.7249232256479373e+09
2.4409304262595935e+09
2.4901322031702328e+09
2.3420730052278991e+09
2.1615051383859267e+09
2.3645062876099777e+09
2.1525382426316066e+09
1.9159397314011838e+09
1.9885252140393810e+09
2.0058777102342808e+09
2.0986241785168321e+09
2.0598323137288165e+09
2.3317514747813497e+09
2.2719659612703123e+09
2.3319191875898337e+09
2.0581593860306509e+09
2.2713696612227044e+09
1.9525576279246857e+09
1.9527461159975827e+09
2.1676408345039296e+09
1.8966301993201931e+09
1.9720931143743565e+09
2.0729308373005931e+09
1.8867957083294699e+09
1.9297866689829206e+09
1.9604239325591791e+09
1.7710599390323820e+09
1.6731614889196653e+09
1.8313744331399312e+09
1.8436553387906041e+09
1.8078730345680516e+09
1.6162536574419591e+09
1.6551975870164173e+09
1.5861466174574070e+09
1.7145511408487933e+09
1.7725604388886216e+09
1.7282481530395343e+09
1.7379979449863281e+09
1.9357796120908453e+09
1.6075907708486021e+09
1.6118827890626106e+09
