2.7860153654996090e+09
2.3989087500946937e+09
2.2083847230448022e+09
2.1758698938901224e+09
2.3357700007266374e+09
2.0976693804445379e+09
2.2020719473681130e+09
1.9466995662402620e+09
2.0530118967504439e+09
2.2174636304804692e+09
2.4845671531249728e+09
2.4907292882022448e+09
2.1797836155121427e+09
1.7850539668282812e+09
2.4946586162043052e+09
2.5346169354417868e+09
2.4543920490409889e+09
2.6380461926833463e+09
2.1331017002312326e+09
2.1440295936595128e+09
2.3717735001281486e+09
2.2661551250314837e+09
2.2051884616098857e+09
2.1575976286459937e+09
2.1952825015955949e+09
2.7707414322271452e+09
2.4828250247987871e+09
2.5077196347401514e+09
2.3443355664871445e+09
2.1709082778663168e+09
2.3680450195072031e+09
2.1715006034713650e+09
1.9229611964528732e+09
1.9940329677434616e+09
2.0155807964376023e+09
2.1032887351225519e+09
2.0832936779351420e+09
2.3457047215497513e+09
2.3333275878851027e+09
2.3457899530267329e+09
2.0811921000757771e+09
2.3324467255160432e+09
1.9530981021082594e+09
1.9533579497302501e+09
2.1728604301362257e+09
1.9070525915495241e+09
1.9792186046828139e+09
2.0819439161676583e+09
1.8939418575418928e+09
1.9354083862305825e+09
1.9654966933033073e+09
1.7721848914276578e+09
1.7151913051522250e+09
1.8300494798720417e+09
1.8620645783816509e+09
1.8264243495145993e+09
1.6148938402352085e+09
1.6963271003719766e+09
1.5872609280638602e+09
1.7178329002422929e+09
1.7891663818569086e+09
1.7315260281184602e+09
1.7551020793659611e+09
1.9438348651833615e+09
1.6115737038843603e+09
1.6168831507957726e+09
