2.7850240451725817e+09
2.3985004784483390e+09
2.2078909389614015e+09
2.1748737068142867e+09
2.3342447929136591e+09
2.0961652249766889e+09
2.2017106876196709e+09
1.9464390458899736e+09
2.0521599583786881e+09
2.2166370985575266e+09
2.4789062581533771e+09
2.4850765411300001e+09
2.1789791861183634e+09
1.7842967137095451e+09
2.4939417548622031e+09
2.5320993559020262e+09
2.4491407011034040e+09
2.6329914918790617e+09
2.1325124473441608e+09
2.1432698167841744e+09
2.3705039945543633e+09
2.2658649697493997e+09
2.2046500625331912e+09
2.1544300576657667e+09
2.1937426738645549e+09
2.7649350532695742e+09
2.4782295288966522e+09
2.5052809073435450e+09
2.3440226170648804e+09
2.1696976961806455e+09
2.3673294786644969e+09
2.1684134238130050e+09
1.9220013737119486e+09
1.9932927135833919e+09
2.0143307226687245e+09
2.1026519512250116e+09
2.0801958269548137e+09
2.3445448829067831e+09
2.3270886288776274e+09
2.3446388842211738e+09
2.0781463058697450e+09
2.3262418269034052e+09
1.9530241070411437e+09
1.9532743269611907e+09
2.1721489326831899e+09
1.9056652220663619e+09
1.9782360528218505e+09
2.0807218128236759e+09
1.8929614210757337e+09
1.9346465044924397e+09
1.9648046441762636e+09
1.7720294276021776e+09
1.7092145518568444e+09
1.8302168069476275e+09
1.8596462442605813e+09
1.8240147184454255e+09
1.6150650570993490e+09
1.6904560550759313e+09
1.5871071808983009e+09
1.7173894035790277e+09
1.7867599129385846e+09
1.7310436087230480e+09
1.7526529079658556e+09
1.9427448211026168e+09
1.6110373619831629e+09
1.6162042078160961e+09
