4.0861320236207461e+09
4.1050999007775445e+09
3.6933951723082805e+09
3.7902110342506270e+09
3.2194389462262359e+09
2.3129866978107905e+09
2.0973932477094817e+09
3.2474830385403304e+09
2.8781711634731221e+09
2.8384293907400522e+09
2.6940663337813740e+09
2.8847549064386921e+09
2.6893302027021294e+09
2.8442310593024592e+09
2.2183384105180283e+09
2.5657667380156131e+09
2.5756246319292383e+09
1.0452926426436589e+09
2.4993402503325543e+09
2.5298858785846701e+09
2.4793765905065322e+09
2.5718247133775973e+09
2.5601607895858288e+09
3.0990541865863013e+09
2.0963070599574938e+09
3.2688371751275353e+09
