2.7845269400721622e+09
2.3982974574462242e+09
2.2076437429015217e+09
2.1743750174442110e+09
2.3334786702486963e+09
2.0954097364814422e+09
2.2015300990485106e+09
1.9463078117680259e+09
2.0517332685906928e+09
2.2162232008877711e+09
2.4759842246547127e+09
2.4821562042673759e+09
2.1785762515273118e+09
1.7839169673791893e+09
2.4935822721412840e+09
2.5308441162859778e+09
2.4464634263392315e+09
2.6303402663695936e+09
2.1322172558552792e+09
2.1428898360345917e+09
2.3698688075987215e+09
2.2657199201395211e+09
2.2044050207140923e+09
2.1529008437698727e+09
2.1929675329479470e+09
2.7619777465015707e+09
2.4758140498779802e+09
2.5040647653206282e+09
2.3438664705385709e+09
2.1690832866792564e+09
2.3669999051669221e+09
2.1669244771737709e+09
1.9215210678234181e+09
1.9929207445410225e+09
2.0136960698731258e+09
2.1023332803695409e+09
2.0786326358339136e+09
2.3438995045286679e+09
2.3237463933373623e+09
2.3439981666022263e+09
2.0766099218989594e+09
2.3229172113237967e+09
1.9529870943432543e+09
1.9532324783269353e+09
2.1717928549653220e+09
1.9049661341261811e+09
1.9777452044472549e+09
2.0801089611431274e+09
1.8924704304939904e+09
1.9342645645592320e+09
1.9644582434810874e+09
1.7719518312097690e+09
1.7062355499765103e+09
1.8303026614329214e+09
1.8584254458627965e+09
1.8227954730034041e+09
1.6151529631217234e+09
1.6875321360350015e+09
1.5870304169811733e+09
1.7171668729029276e+09
1.7855783352816980e+09
1.7308062552602425e+09
1.7514472725634553e+09
1.9421977450757976e+09
1.6107680715387383e+09
1.6158638942656825e+09
