3.6201244357242018e+08
4.0129652049777448e+08
3.9789442220026177e+08
3.5999619856116110e+08
2.7333264810508269e+08
3.8541786168648589e+08
3.5539555907999295e+08
3.5797748455392885e+08
3.6298215531472719e+08
3.6050936121393025e+08
2.8992469776795810e+08
3.7220879326642001e+08
3.1083932616149664e+08
2.9398365792550284e+08
3.6863130010631090e+08
4.2146458340202963e+08
3.6039335344453996e+08
3.2276850827987289e+08
3.2664163436005497e+08
3.5724885546770108e+08
3.5888570877988613e+08
3.5156485734296471e+08
3.5083492015437078e+08
3.4359064018113542e+08
2.7540608115628302e+08
2.9875853467586130e+08
2.7002526243085957e+08
3.6557536696426821e+08
3.1916456220600015e+08
3.4016217118512976e+08
3.4128057842246890e+08
2.6727989888932046e+08
3.2763707935716254e+08
3.0290501933492279e+08
3.6533811012407577e+08
2.6751892589965984e+08
3.4569168784032935e+08
3.5146614252039051e+08
3.4900155144152063e+08
3.0253171358042997e+08
2.9808168117295748e+08
2.9309851383762985e+08
2.7677481946336508e+08
3.6076788794335985e+08
3.0551423344901240e+08
4.0468399485540599e+08
3.3571339990447098e+08
3.1625477108775264e+08
3.7102209560052925e+08
3.6769942584539592e+08
3.6635555490160656e+08
3.4833819988639188e+08
2.6214895801854071e+08
2.6126938233633891e+08
3.4344938482354015e+08
3.3146081926004046e+08
2.7085003617274171e+08
2.4221611421766999e+08
3.6331440331828618e+08
3.6191200760767937e+08
3.1300939174984270e+08
3.1296020802356452e+08
2.8792125953722882e+08
3.0702448427998847e+08
3.2708613550267357e+08
3.2007963084870899e+08
3.5357416243251961e+08
3.5988443377491724e+08
3.2222542790510678e+08
3.4718952017198241e+08
2.9274871679307449e+08
2.9068987698545241e+08
3.9328376767688054e+08
3.5789706778690827e+08
3.2737458319549000e+08
3.1457058319563520e+08
3.5819563581562322e+08
3.3334080903136146e+08
3.0474333112021065e+08
3.3059309383686990e+08
3.3178001348401403e+08
3.0767794549074131e+08
2.8557444066021162e+08
2.9521759870787001e+08
3.0305498847218907e+08
2.8391093372667879e+08
3.3179768639423591e+08
3.3254401541773498e+08
2.9420143931279314e+08
2.9274327422165453e+08
2.7088284824262428e+08
2.8953243278306890e+08
3.0255340511662436e+08
3.2421258364151990e+08
3.5929666370853299e+08
2.9018593882007152e+08
2.9091867934841812e+08
2.8493340514312178e+08
2.8725164572575319e+08
2.9108657092959362e+08
3.2632976592589408e+08
3.0869872951638293e+08
2.7497674387118715e+08
2.9780379447659850e+08
2.6460074099038029e+08
3.0284173198513144e+08
2.7055619717284626e+08
2.6123504662685093e+08
3.2660051398700565e+08
2.9540736302825975e+08
2.8259350256360811e+08
2.8143988435753095e+08
3.0586090983475357e+08
2.9727392990876031e+08
2.6735097296251908e+08
2.8947660864004356e+08
2.9518982072524649e+08
2.9253828884693295e+08
3.1526277699815512e+08
2.6343333546978870e+08
3.4260314383212024e+08
2.7385780001912659e+08
2.7416267218524879e+08
2.9380725351640278e+08
2.8429735047845662e+08
2.8756252726280433e+08
2.3676291763773623e+08
3.2434367957131916e+08
2.7717382822344792e+08
3.3636825465960664e+08
3.3267197328650671e+08
3.0602143591521710e+08
3.2115565363730097e+08
2.6448608603220773e+08
2.6462539852294078e+08
3.2445589230286109e+08
3.4515569942809850e+08
2.6235120178257656e+08
2.8991658946845168e+08
2.3924091271666625e+08
3.1440189363780159e+08
3.2227860128855270e+08
3.3459458718228066e+08
3.0580369324567008e+08
2.9282493090594876e+08
2.9710973613259107e+08
2.9989100358351731e+08
2.0317619304737541e+08
1.9550591618630084e+08
2.7198957136113161e+08
2.7286271564593947e+08
2.4350291569271138e+08
1.9715951919062817e+08
2.7760136992390013e+08
2.6717056904968938e+08
3.2095300581071436e+08
3.0328534135745609e+08
3.2289753388102973e+08
3.2898116756827050e+08
3.2105595176257741e+08
3.2130570817280078e+08
3.2075122000784540e+08
3.2070451724834478e+08
3.2066462981100732e+08
3.2062272710019404e+08
3.2061037016506130e+08
3.2065369733954263e+08
3.2064646072544849e+08
3.2060828797835749e+08
3.2060828767142600e+08
3.2066164978812826e+08
3.2061117743837661e+08
3.2060927535266966e+08
3.2060829924717665e+08
3.2060945324881405e+08
3.2060949869932079e+08
3.2060902894935822e+08
3.2060838967188811e+08
3.2061032111808330e+08
3.2061113296102774e+08
3.2062687993587029e+08
3.2067842771208405e+08
3.2060882941496050e+08
3.2060828559306389e+08
3.2158218934260869e+08
3.2074900922896892e+08
3.2069884385611808e+08
3.2241552477732670e+08
3.2060828474114823e+08
3.2060917326714325e+08
3.2067620728979355e+08
3.2060825141479039e+08
3.2060839539284247e+08
3.2158095906837821e+08
3.2087223876177335e+08
3.2126492978154504e+08
3.2060829003088343e+08
3.2060716033098119e+08
3.2060828713541353e+08
3.2060829310706055e+08
3.2060828899103582e+08
3.2060503913070244e+08
3.2060825544486016e+08
3.2069584571694547e+08
3.2060825563688868e+08
3.2060828664767331e+08
3.2060867348292035e+08
3.2097713915237129e+08
3.2060852052540874e+08
3.6806454172103548e+08
3.2157317959542572e+08
3.2960071852752906e+08
3.4425987825654697e+08
3.2060848069217527e+08
3.2060912586115271e+08
3.1918073775476122e+08
3.2130021047971463e+08
3.2126201049289054e+08
3.2060961992282879e+08
3.2060828705375910e+08
3.2060828631382579e+08
3.2126008187714201e+08
3.2087493982697624e+08
3.2060734555340469e+08
3.2060829910316622e+08
3.2060828662706518e+08
3.1305529675123990e+08
3.2060737596655113e+08
3.2093364482497591e+08
3.2242058925446010e+08
3.2060830770342189e+08
3.2060828613840806e+08
3.2241564518755639e+08
3.1744690445171452e+08
3.1078845766778409e+08
3.2060828602748340e+08
3.2060828641874075e+08
3.2060794217028892e+08
3.2068392696791452e+08
3.2060605484823823e+08
3.2259967981157452e+08
3.2060828630404687e+08
3.2227527019583213e+08
3.2130726921714330e+08
3.2060770582056260e+08
3.1990465217607272e+08
3.2096412220858854e+08
3.2241470967211592e+08
3.2060828622002792e+08
3.3922523069673198e+08
3.2060830697665954e+08
3.2726463742590564e+08
3.2087333409973848e+08
3.2098148028047466e+08
3.2060843971819943e+08
3.2060827917291874e+08
3.2061730155745304e+08
3.2144336630723315e+08
3.2060904786521399e+08
3.0731888025621367e+08
3.2060828025372189e+08
3.2144075860972577e+08
3.2157596181284332e+08
3.2988880107770979e+08
3.2060927647567725e+08
3.2959999388139045e+08
3.2989647355146331e+08
3.2227562238904095e+08
3.6191635130504614e+08
3.2152811569983494e+08
3.2061505744978338e+08
3.2060828357002193e+08
3.5236753561670452e+08
3.2734222313784748e+08
3.6113308977898955e+08
3.2060779682666814e+08
3.2122234689305699e+08
3.2118545864875692e+08
3.2050661622384185e+08
3.2060664908861858e+08
3.6280756402573860e+08
3.2060840229324472e+08
3.2068581593894696e+08
3.2241663922168887e+08
3.2060757057536846e+08
3.2122283961261976e+08
3.1427389082295370e+08
3.2460747099843341e+08
3.1960813997180110e+08
3.1671453252846867e+08
3.4047474373225063e+08
3.2060879308509022e+08
3.2054845561395848e+08
2.7656878894832951e+08
3.2148373603700393e+08
2.9930706474490720e+08
3.2060629744131428e+08
3.2093380312894863e+08
3.0575379539858723e+08
3.1776191289177465e+08
3.4018563792008311e+08
3.1620142664838386e+08
3.1659545413394290e+08
3.2094693677087963e+08
3.2171566111006445e+08
3.2058402722653031e+08
3.2057324411558175e+08
3.5462464298097426e+08
3.2060809786789089e+08
3.3772358625094795e+08
3.2072332392868912e+08
3.2060828938397038e+08
3.2060826064215386e+08
3.2060828707677889e+08
3.2490911059719789e+08
3.2061367683248723e+08
3.2072812971201921e+08
3.2060392187635130e+08
3.2069002000828236e+08
3.2094574606087238e+08
3.2993166616537970e+08
3.1082071365300649e+08
3.0620086080193216e+08
3.1283588008005601e+08
3.2223737439541072e+08
3.5201469020563602e+08
3.2060827172242343e+08
3.2159592917615658e+08
3.2061582421483606e+08
3.2057958445868450e+08
3.2655340092146951e+08
3.2241964055372298e+08
3.4639046457782030e+08
3.2158770960809565e+08
3.2060794251517558e+08
3.3403235886003917e+08
3.0753675172020864e+08
3.5063120214376229e+08
3.1741153742241615e+08
3.2988445941261917e+08
3.2241953172023076e+08
3.2075422497093666e+08
3.1758934968275309e+08
3.1971113627435142e+08
3.1548160464306521e+08
3.2060838685977942e+08
3.1824950147858679e+08
3.3067652498766690e+08
3.2060670069720405e+08
3.0060849279093277e+08
3.0542271557221347e+08
3.3776059049385089e+08
3.6002284096222478e+08
3.2030912416334265e+08
3.2060818631622440e+08
3.1818513323412186e+08
3.7074018341575044e+08
3.2059345684104735e+08
3.0299411031019574e+08
3.2060827467097485e+08
3.2239792880044246e+08
3.2131056952646399e+08
3.0981711215963870e+08
3.2002201578503376e+08
3.2061245553485143e+08
3.2060964210243034e+08
3.2035649667556798e+08
3.2901993924429274e+08
3.5336771130010879e+08
3.2988077295238239e+08
3.2062215568188632e+08
3.2085789652541792e+08
3.1572901430054784e+08
3.2060964392995614e+08
3.0335004833320212e+08
3.7394356013334662e+08
3.0161990162573165e+08
3.2060830604375249e+08
3.1916776233827561e+08
3.2032501988409293e+08
3.2851290580087084e+08
3.2959835915778339e+08
3.2109001088523382e+08
3.2052888418073696e+08
3.2227549810042483e+08
2.8212275571332234e+08
3.1909941972552657e+08
3.2061056355426306e+08
3.1293099294535518e+08
3.2028183955982429e+08
3.0671046010921508e+08
3.2037930961268353e+08
3.1962621962862724e+08
3.5366934635919559e+08
3.2061058750570315e+08
3.1531362366478235e+08
3.1590848009832793e+08
3.2762191619476807e+08
3.2060822805800581e+08
3.2024524510347712e+08
3.2160403869688433e+08
3.2060827288557625e+08
3.7015159416468787e+08
3.2060804564085728e+08
3.2060815907252723e+08
3.2045530493471467e+08
3.2087048624002236e+08
3.2152394013643962e+08
3.2030139723888510e+08
3.2060742692453253e+08
3.2060829996325052e+08
3.1362100560343444e+08
3.2046082408911091e+08
3.5505066498387969e+08
3.1987697243182474e+08
3.1804785491047728e+08
3.2175136084720343e+08
3.1543845295984155e+08
3.1489988981612885e+08
3.2060723729529274e+08
3.0305939165844601e+08
3.1438763616553533e+08
3.2064738702371991e+08
3.0970390684787673e+08
3.5421227886411244e+08
3.1473481140400243e+08
3.2049064785214275e+08
3.1467055417923176e+08
3.2060622854012007e+08
3.2228420695429528e+08
3.5717022857678860e+08
3.1896095386149895e+08
3.2133512800647694e+08
3.1052439096164179e+08
3.7026845979811043e+08
3.1625432154619783e+08
3.2061008399339545e+08
3.2988933097364306e+08
3.1769223008414000e+08
3.2252203392693388e+08
3.2491293451923412e+08
3.2200173808532983e+08
3.2969892395335597e+08
3.1902822383195084e+08
3.2497008602795047e+08
3.2061561691573918e+08
3.2071126181662166e+08
3.2093315791293228e+08
3.1021182020635051e+08
3.2060833680726230e+08
3.2256967999163598e+08
3.2060935300912255e+08
3.2060900335065895e+08
3.2073215508176917e+08
3.2161455337190634e+08
3.2060774237541837e+08
3.2054620108128756e+08
2.9773914216623217e+08
3.1989364671044624e+08
3.2060825733498585e+08
3.2029574067467940e+08
3.1663237556545371e+08
3.2060014269949347e+08
3.2060796573772895e+08
3.2055871527106011e+08
3.0455740042794865e+08
3.0931435272653723e+08
3.1913896672072631e+08
3.1182783776826197e+08
3.3479149110369641e+08
3.2057996187341416e+08
3.2277102883396405e+08
3.2573698772474217e+08
3.2060842896277922e+08
3.1972108239630389e+08
3.3586281039298654e+08
3.4649754401176965e+08
3.1747690360793024e+08
3.2061065824167502e+08
3.2049606727576268e+08
3.1801148980122989e+08
3.5562749786597914e+08
3.2060853764364135e+08
3.2061350352704793e+08
3.2060898857064050e+08
2.8802918078079569e+08
3.2060828394356316e+08
3.2017005603355336e+08
3.1947497559742510e+08
3.0802629090631449e+08
3.2060842956595284e+08
3.2059018284064293e+08
3.2059275496022022e+08
3.2471308212050742e+08
3.2060827587542552e+08
3.2032946463652152e+08
2.9484010142572373e+08
3.2054601562964189e+08
3.2164473890342963e+08
3.2061319951347011e+08
3.2060371018833631e+08
3.2067650597757506e+08
3.2061066945509726e+08
3.2060821278111196e+08
3.2322705509312874e+08
3.2060715810893106e+08
3.2168295072296232e+08
3.2060824698833489e+08
3.2066168605291432e+08
3.3285972936995840e+08
3.2977079539692360e+08
3.2060758878125376e+08
3.0836823777449936e+08
3.2602571082818753e+08
3.2721804743992054e+08
3.1263724097138393e+08
3.2064454415490913e+08
3.6448373688151938e+08
3.1962302750752026e+08
3.2060898650293559e+08
3.2058869202338088e+08
3.1852373485096413e+08
3.2060822819442946e+08
3.2060835937345940e+08
3.2988735620999563e+08
3.1117322351322770e+08
3.1622067324527639e+08
3.1806947524621969e+08
3.2061042375503057e+08
3.2556556417074156e+08
3.2123149416440058e+08
3.1920147200071603e+08
3.1211778362161463e+08
3.1568931139175999e+08
3.2011199632974184e+08
3.1780062008376968e+08
3.2061108747668123e+08
3.2162890369602621e+08
3.2060853631903428e+08
2.9642597424639708e+08
3.2669090216247457e+08
3.2059534119535714e+08
3.2045963212243682e+08
3.1786008215904689e+08
3.2061094515413159e+08
3.2742177436349016e+08
3.2062842097330976e+08
3.2060905812237448e+08
3.2060698765262574e+08
3.5304684698111206e+08
3.2060872713730723e+08
3.2060862782082438e+08
3.2038538741006297e+08
3.2060934267453957e+08
3.1577157895730126e+08
3.1364470227625304e+08
3.3644141970636064e+08
3.2060813960573786e+08
3.1851094347690398e+08
3.2177191819553941e+08
3.2060666878785592e+08
3.2060902683845150e+08
3.2084383188637763e+08
3.2055186805245584e+08
3.1983012345325220e+08
3.2598618627257711e+08
3.2181900920274907e+08
3.2060828606596059e+08
3.7161177082876611e+08
3.2060835992255032e+08
3.2662008111478031e+08
3.2060803207283705e+08
3.1042094627416086e+08
3.2061366057992697e+08
3.2060906120313895e+08
3.2061058882940811e+08
3.1325875327068001e+08
3.2060689728203428e+08
3.2988289421945280e+08
3.2061229027947873e+08
3.2060823053631622e+08
3.2060841510808170e+08
3.2053529305796164e+08
3.2064620831357807e+08
3.2060905715800261e+08
3.2060781261333233e+08
3.2326765165366399e+08
3.2070336831672585e+08
3.2060828210205507e+08
3.2060722362402636e+08
3.2060883624602288e+08
3.2060828649093801e+08
3.2060828914113873e+08
3.1363060792840451e+08
3.2004449276532221e+08
3.2060963866736537e+08
3.2060828765075356e+08
3.2985382290357864e+08
3.2070324283380026e+08
3.2061079629898101e+08
3.2060770701887757e+08
3.2060853999381322e+08
3.3919927490850139e+08
3.2285291845688510e+08
3.2071746703201723e+08
3.2059918252361137e+08
3.2054669057931834e+08
3.0976919170035052e+08
3.2097278605331880e+08
3.2232875276121777e+08
3.2061030300099206e+08
3.2060868400935131e+08
3.2066137698042119e+08
3.2060828687548143e+08
3.2060898394769603e+08
3.2030163219689059e+08
3.2074944444182253e+08
3.1804144965216899e+08
3.2060828710588795e+08
3.2052085076937485e+08
3.1144355031227946e+08
3.2060870892132616e+08
3.2074235227790630e+08
3.2060820111413795e+08
3.2060840941293466e+08
3.2060795332321745e+08
3.2060605603842759e+08
3.2060788238201255e+08
3.2161476256172979e+08
3.1087423129497576e+08
3.1963697907070839e+08
3.2060827852047908e+08
3.2060683148664778e+08
3.2057760897460771e+08
3.3225045251865691e+08
3.2029055348013771e+08
3.7553168325460690e+08
3.2060832615605736e+08
3.2060467328392619e+08
3.2060819827084416e+08
3.2060828587112379e+08
3.2060828813373363e+08
3.2352953162350655e+08
3.2060853387481177e+08
3.2060801390137678e+08
3.1814066585719937e+08
3.2065707808541214e+08
3.2060826980799508e+08
3.2061112889415115e+08
3.2060840958698857e+08
3.2061065487738365e+08
3.2060820341428697e+08
3.2060855012034088e+08
3.2061130146863616e+08
3.2060870932424945e+08
3.2054096276760018e+08
3.2069408087073910e+08
3.2053526720970404e+08
3.4979394163990808e+08
3.2060781854226023e+08
3.1326216886267668e+08
3.2060841555006981e+08
3.2057943144039178e+08
3.2060810633417827e+08
3.2060809224124277e+08
3.4985399535558492e+08
3.0602378677431762e+08
3.2061982663626653e+08
3.2817168079076248e+08
3.2060843867754030e+08
3.6628386551982200e+08
3.0796097464891273e+08
3.2050830345042729e+08
3.2064418508213711e+08
3.2060868386876053e+08
3.1485403018431461e+08
3.2053891039973074e+08
3.1952880445043391e+08
3.2060820278318673e+08
3.2413637398401147e+08
2.9654127401124007e+08
3.0887200876650065e+08
3.2052556703633922e+08
3.2060745009449059e+08
3.2060958279098350e+08
3.2060829145724231e+08
3.1938715405878866e+08
3.2060843698953182e+08
3.2060828868902391e+08
3.2060823451755160e+08
3.2028488305165607e+08
3.2090069186607629e+08
3.2060810664633244e+08
3.2060852739993846e+08
3.2061562928977180e+08
3.2060841760889018e+08
3.2060828533460695e+08
3.2060821408461171e+08
3.2794194459063405e+08
3.1893077878848171e+08
3.2060556014011258e+08
3.2059824760264063e+08
3.2061065596324754e+08
3.2062194946020216e+08
3.1952569055005825e+08
3.2065700936343420e+08
3.1713734129546463e+08
3.2060828669371265e+08
3.0239414107032698e+08
3.4354148340098602e+08
3.1994167209834570e+08
3.1953784950106865e+08
3.2003555999977154e+08
3.2060828762883866e+08
3.1387007192562997e+08
3.2060872611199343e+08
3.2061265517989159e+08
3.1853248058152127e+08
3.2060830308656257e+08
3.2060958211349243e+08
3.0711728511034083e+08
3.2060316442418116e+08
3.2062691497427309e+08
3.2060828683558202e+08
3.2060838065612823e+08
3.2060828583307290e+08
3.3182281683387411e+08
3.2060728273913521e+08
3.2061023142271167e+08
3.2060899119587284e+08
3.2060833499661392e+08
3.0755690668839419e+08
3.2060872833726323e+08
3.1865147540720493e+08
3.3473427931273872e+08
3.2060796049878901e+08
3.2061067283376235e+08
3.2060851320936912e+08
3.2324042805963111e+08
3.1726433953649777e+08
3.1573827773178869e+08
3.2060828625624216e+08
3.2060836863689804e+08
3.1825960748076242e+08
3.2060828316375530e+08
3.4792630365732145e+08
3.2061486608877140e+08
3.1960230840518153e+08
3.2005409122416568e+08
3.2069710479622954e+08
3.2060854314350706e+08
3.0749610618766773e+08
3.2061227043283814e+08
3.2060828757585746e+08
3.2060828604094487e+08
3.2059573336745340e+08
3.2060829774883085e+08
3.2060828496083355e+08
3.6513287473952895e+08
3.2060828430697018e+08
3.2061597742352307e+08
3.1701433597486657e+08
3.2060829192685813e+08
3.2019098392456210e+08
3.2034219320462823e+08
3.2060835844578224e+08
3.2060868447194231e+08
3.2060828591024107e+08
3.1494631537978148e+08
3.2060828555235249e+08
3.2062861565162122e+08
3.1161479211961311e+08
3.2045697557863671e+08
3.1264283680707335e+08
3.3727070768223041e+08
3.2085976861833328e+08
3.0688608544273776e+08
3.2060832905236101e+08
3.2210561075158083e+08
3.3204067368302518e+08
3.2060831328994179e+08
3.3355992566067946e+08
2.7603052925958639e+08
3.2524669417386585e+08
3.1741591220614785e+08
3.2059827699197024e+08
3.2060829105383044e+08
3.2060831294889373e+08
2.8552100501460975e+08
3.2060773519359225e+08
3.4504933984170496e+08
3.1895941231408691e+08
3.2060828066535944e+08
3.2070186747659957e+08
3.2060854129326642e+08
3.2060828705448908e+08
3.1954435598376763e+08
3.1324144590170825e+08
3.2060646334379655e+08
3.2060831339166659e+08
3.2060828318200755e+08
3.2060755071160126e+08
3.2060826660434723e+08
3.4433659558296990e+08
3.2060802262790442e+08
3.2060819960735178e+08
3.2060828046090919e+08
3.2060830900569940e+08
3.2836104554075742e+08
3.2060831112525177e+08
3.2060828622660011e+08
3.2060828374892086e+08
3.2060830261124349e+08
3.2060828963885427e+08
3.1922552066677302e+08
3.1365295117243397e+08
3.3011476404771966e+08
3.2060828559945560e+08
3.2060838927333421e+08
3.1557442205038035e+08
3.2060832714908516e+08
3.2060810588778692e+08
3.2060828595398265e+08
2.9093418332881498e+08
3.2060831873001599e+08
3.2061520550657213e+08
3.0831051912938374e+08
2.8537108912158793e+08
3.2060830163682979e+08
3.2060825667593384e+08
3.2094744406992221e+08
3.2060828271828580e+08
3.2236314025167596e+08
3.1229129060184413e+08
2.9748611304073876e+08
3.2059794911832678e+08
3.2063724086559123e+08
3.2060726628235424e+08
3.2055103595429462e+08
3.2060829282309014e+08
3.5719622446662897e+08
3.2060830814879066e+08
3.2060439834903443e+08
3.1760094862748951e+08
3.2060828521370947e+08
3.2060004931540483e+08
3.2060828561745185e+08
3.2060839663104403e+08
3.1901518107750928e+08
3.2060830067478597e+08
3.2060828781325454e+08
3.2259602378783178e+08
3.0966764257291615e+08
3.2060818483456457e+08
3.2060828921631718e+08
3.2060836781146944e+08
3.2057889239632773e+08
3.2050458884879285e+08
3.1254290049252701e+08
2.8589378835138279e+08
3.2060828982929891e+08
3.0415546360472935e+08
3.0918208814784974e+08
3.2060596719689965e+08
3.2029591384283769e+08
3.2047608877977014e+08
3.2060843017426121e+08
3.2064990746512222e+08
3.2060839758406192e+08
3.2060829269208574e+08
3.0037004533760422e+08
3.2061565006728762e+08
3.2060829504158789e+08
3.2061033977792460e+08
3.2097035643884617e+08
3.2060857970588428e+08
3.1832043100000328e+08
3.1813533438700277e+08
3.1023632782414603e+08
3.1740273174939394e+08
3.2042145035642403e+08
3.2060828863538009e+08
3.2071476973645622e+08
3.2060834950076693e+08
3.2060813575629789e+08
3.2060719491316622e+08
3.2060859436294127e+08
3.2057750416732150e+08
3.2060830219054288e+08
3.2063810432456595e+08
3.2068124938642383e+08
3.1955567775554854e+08
3.0853899101576936e+08
3.2122351045755535e+08
3.2065588576658040e+08
3.2060827636611420e+08
3.2060836770900434e+08
3.2060844044179100e+08
3.6526244834291387e+08
3.2076933674346697e+08
3.0691985816585982e+08
2.7293750464372993e+08
3.2060048354173177e+08
3.2014357366362363e+08
3.2766140848691458e+08
3.2060810030526257e+08
3.2105467071671706e+08
3.2006680883876044e+08
3.2492215786431110e+08
3.2062598780323076e+08
3.2060828698567563e+08
3.2060828059462750e+08
3.2060829485590458e+08
3.6076072100303042e+08
3.1067670857397652e+08
3.2060830837858409e+08
3.2060826882156044e+08
3.2059042456620193e+08
3.2060828635278225e+08
3.2060828610992587e+08
3.2060830087734866e+08
3.2843443654641271e+08
3.6564146029013079e+08
3.2060828404670841e+08
3.2059487206368947e+08
2.9255948035137492e+08
3.2060844016226661e+08
3.2585271920446616e+08
3.2052790851567161e+08
3.2060827947156996e+08
3.2060828518368936e+08
3.2060828778118438e+08
3.2060828055702990e+08
3.2061033010397202e+08
3.2059092944393533e+08
3.2060827619277471e+08
3.2018789280642807e+08
3.2060828555498201e+08
3.1977481344097716e+08
3.2060833927536148e+08
3.1999781584710240e+08
3.1947632252380568e+08
3.2180606185283118e+08
3.2060829494042486e+08
3.2020767671293867e+08
3.2061115462443131e+08
3.2060816983973974e+08
3.2060833098737031e+08
3.2060829339285374e+08
3.2059979708315152e+08
3.2060298584655958e+08
3.2060828704698807e+08
3.2060829987204278e+08
3.2056511989508349e+08
3.2060828311596912e+08
3.2060924731166005e+08
3.2094664074064815e+08
3.2037034916844112e+08
3.2060828868381089e+08
3.2037453827003366e+08
3.2060828616912276e+08
3.1724141289771169e+08
3.2060828266465509e+08
3.2060852702131712e+08
3.2060834615755475e+08
3.2060852744008034e+08
3.2061340912029910e+08
3.2060827989779037e+08
3.2060795071948564e+08
3.1799637142510885e+08
3.2060827864131612e+08
3.2060828502078563e+08
2.8915017859694636e+08
3.2060592589026600e+08
3.2904016077636802e+08
2.9479549516347355e+08
3.2018736665121561e+08
3.2060047856735295e+08
3.2073257188587523e+08
3.2060829144479036e+08
3.2061153447467917e+08
3.2060794569854856e+08
3.1174126699932671e+08
3.2060842902809852e+08
3.2052229934031379e+08
3.1857540833767712e+08
3.1616552635448503e+08
3.2060828677073663e+08
3.2060828722500247e+08
3.1681316054068810e+08
3.1546092637817544e+08
3.2060828564163011e+08
3.2059725323632896e+08
3.0950697764231247e+08
3.2060832644350755e+08
2.9546236997365707e+08
3.2060828748536444e+08
3.2061371693188792e+08
3.2060842353777647e+08
2.9695695412798673e+08
3.2037783343453807e+08
3.2060828669950414e+08
3.2186536562378871e+08
3.2060757766379178e+08
3.2060823588267845e+08
3.2060828642610061e+08
3.2060834085325831e+08
3.2060828971657079e+08
3.2059018815488887e+08
3.2060845615460443e+08
3.2060835987179250e+08
3.2064222165417260e+08
3.2058987041979218e+08
3.2060828902988404e+08
3.2060830836896122e+08
3.2061244781117892e+08
3.2060828649962431e+08
3.2058748707123923e+08
3.2060828920400196e+08
3.2061081178731167e+08
3.2060959131689531e+08
3.2178098986675191e+08
3.0215068101506919e+08
3.2060830814046210e+08
3.2060828941114175e+08
3.2044108370120412e+08
3.2060828715544093e+08
3.2060828420412266e+08
3.0597113363030195e+08
3.2063365617860085e+08
3.2060828634936613e+08
3.2060828617361522e+08
3.2060828588212538e+08
3.2060828585048109e+08
3.5412668747970343e+08
3.2060801879936111e+08
3.2060828574532181e+08
3.2060964830187088e+08
3.3759599106238890e+08
3.2060829227489471e+08
3.1839294844524091e+08
3.2060830021843904e+08
3.2060828148410332e+08
3.2060833823839825e+08
2.8933833938074672e+08
3.2060834442232776e+08
2.8950802755641663e+08
3.2061882145509261e+08
3.2060828655926841e+08
3.2060828622062784e+08
3.2060811295887130e+08
3.2058615329989153e+08
3.3541780872657645e+08
3.2933281895236325e+08
3.2060956916656244e+08
3.2060561494590318e+08
3.2003967761793047e+08
3.2060288076547080e+08
3.2060828676581734e+08
3.2144865931071037e+08
3.2062602290301669e+08
3.2060832725926876e+08
3.2934341032489038e+08
3.2050094857074082e+08
3.2060992787691128e+08
3.2061159013199079e+08
3.2060848791199499e+08
3.2060828875626719e+08
3.2060964102740335e+08
3.2060830796119678e+08
3.2060812640007371e+08
3.2062118531536287e+08
3.2060828832380569e+08
3.2060837379123306e+08
3.2060844189476180e+08
2.9683158346555966e+08
3.2046008274726743e+08
3.2060833751902312e+08
3.2060828592586988e+08
3.2046875366128522e+08
3.2076353242552084e+08
3.2060825362694937e+08
2.8300853790733510e+08
3.2080844137795955e+08
3.0743585252855939e+08
3.2060828596337229e+08
3.2057557319711035e+08
3.2060542024939942e+08
3.2060873445999509e+08
3.2060828610333800e+08
3.2060834461752862e+08
3.2060828605143791e+08
3.2060829118597668e+08
3.2060836463535124e+08
3.2060829248515308e+08
3.2060832638893741e+08
3.2060828703386599e+08
3.2059595937009466e+08
3.2052433542887115e+08
3.2084499620204663e+08
3.2060828618640739e+08
3.3310862524194849e+08
3.2060828520945203e+08
3.2066173799214226e+08
3.2060828708139294e+08
2.9317432334806448e+08
3.2060829497322345e+08
3.7209507863187265e+08
3.2054405919500065e+08
3.2933176606773418e+08
3.2058689409934378e+08
3.2060553933235496e+08
3.4938019012318558e+08
3.2060028177422845e+08
3.2060826977877420e+08
3.2060832362063831e+08
3.1888397410834187e+08
3.2049623721760356e+08
3.2060702575058186e+08
3.2066146851522267e+08
3.2061011731626922e+08
3.2938340701447731e+08
3.2062835162550205e+08
3.2060825700296360e+08
3.2064304352957052e+08
3.1819579664047706e+08
3.2123743210602319e+08
3.2060844361210185e+08
3.2060809195327395e+08
3.2060693572002167e+08
3.2060828633898097e+08
3.2061114048400182e+08
3.2935012487491637e+08
3.2060839711078280e+08
3.2060828590337384e+08
3.2059998259984767e+08
3.2060851472498608e+08
3.2060839875154018e+08
3.2157607560413188e+08
3.2060828892027330e+08
3.2059417401106721e+08
3.2060841231778502e+08
3.2060902920166594e+08
3.2062192082061374e+08
3.2060828590932530e+08
3.2070902273889977e+08
3.2059061936406988e+08
3.0782612037591904e+08
3.2062184358303374e+08
3.2060828581937426e+08
3.2105414484355116e+08
3.2060829434793109e+08
3.2053134371448231e+08
3.1776183192924607e+08
3.2066838748027962e+08
3.2060832788644832e+08
3.2060832085319209e+08
3.2060830017041945e+08
3.2060190983513546e+08
3.2170274193989235e+08
3.2053921945550102e+08
3.2084155224991369e+08
3.2060869572978246e+08
3.2060016372714883e+08
3.2062114180987793e+08
3.5763919987980169e+08
3.2061370874351162e+08
3.2061011985029858e+08
3.2060840211852235e+08
3.2061368965734446e+08
3.2167530619326115e+08
3.2060828525893438e+08
3.2060828075639111e+08
3.2060830205192643e+08
3.2070885108311629e+08
3.1899578357009673e+08
3.2060832663101751e+08
3.2060830127573442e+08
3.2060363374942821e+08
3.1795470898394704e+08
3.7551864664982927e+08
3.2060829091056055e+08
3.2060828279214054e+08
3.2060828243441421e+08
3.2060844073690379e+08
3.2060348163863790e+08
3.2062993959667516e+08
3.2062196200913703e+08
3.2060764453529429e+08
3.2061114537446368e+08
3.2050328854358685e+08
3.2061552127322906e+08
3.2061555861968458e+08
3.2060826831873852e+08
3.2060476170959485e+08
3.2061066679989558e+08
3.7397922986377835e+08
3.2063334587520134e+08
3.2060827640298831e+08
3.2060830111544997e+08
3.1898943422908682e+08
3.2060857913672841e+08
3.2060828488337356e+08
3.2060916464928055e+08
3.2029732213677460e+08
3.2055781640132821e+08
3.2067188113367331e+08
3.2060839227701110e+08
3.6076480453349954e+08
3.1983649208333319e+08
3.2060906180166084e+08
3.2060817617330796e+08
3.2059921814677680e+08
3.2057870380358839e+08
3.2060923184184641e+08
3.1682175167571509e+08
3.2060825338503629e+08
3.2961139872179824e+08
3.2060831718478155e+08
3.0743084899049509e+08
3.2060730672348493e+08
3.2046450126129735e+08
3.2064469541081572e+08
3.2060851337767625e+08
3.2060863177248567e+08
3.2060921074032599e+08
3.2060829487986404e+08
3.2061525904711330e+08
3.2060828369930619e+08
3.2060828904651856e+08
3.0252984857194102e+08
3.2060803966338676e+08
3.2060828526530170e+08
3.2060829466810405e+08
3.1001788244221890e+08
3.2060841546504802e+08
3.2057415411533916e+08
3.1197848695202905e+08
3.1976274737376726e+08
3.2089309250499254e+08
3.5966309000198579e+08
3.2061013445999831e+08
3.2060828555275244e+08
3.2060907991453409e+08
3.2060872354159415e+08
3.2213177603305757e+08
3.2062668819138271e+08
3.2059143370081681e+08
3.2061081286065626e+08
3.2060902372019333e+08
3.2060826847484165e+08
3.2059955548871350e+08
3.2061380300339204e+08
3.2060166801406062e+08
3.3732387172733468e+08
3.2060830713224739e+08
3.2061588257214522e+08
3.2060823351460278e+08
3.2060761725619328e+08
3.2062117924610567e+08
3.1811741262215573e+08
3.2073605787950277e+08
3.2060828462150741e+08
3.2060832447624165e+08
3.2149695970492929e+08
3.2066123136427867e+08
3.1970842918492836e+08
3.2060743250391811e+08
3.2060829181798393e+08
3.2055703179912221e+08
3.2048164553158820e+08
3.1336033625686759e+08
3.2063289202104723e+08
3.2060906170516300e+08
3.0682635960139006e+08
3.2033690314678907e+08
3.2021494931153637e+08
3.2060866474369842e+08
3.2061386914888513e+08
3.2060833252091891e+08
3.2074969749595708e+08
3.2061056374945092e+08
3.2105138266176629e+08
3.2061372889935333e+08
3.2060827130369204e+08
3.1714522716395330e+08
3.2540091715412241e+08
3.2057758273725343e+08
3.6535999187020594e+08
3.2061253096256310e+08
3.2060829447752595e+08
3.2060763151127213e+08
3.2062116657933366e+08
3.2213241351412112e+08
3.2060862757063603e+08
3.2684317108902717e+08
3.2060828670339966e+08
3.2042672028101373e+08
3.2078671221839553e+08
3.2228746881153405e+08
3.1140511645706266e+08
3.2029275764054823e+08
3.2063350094180274e+08
3.2060198983343554e+08
3.2933101442382061e+08
3.2060959945838755e+08
3.2153247740405732e+08
3.1711184526363438e+08
3.2059995325951391e+08
3.2060076905974728e+08
3.2061019790275735e+08
3.1056682599400347e+08
3.1776483619690102e+08
3.2060818271606249e+08
3.2060829112401134e+08
3.2060829083311850e+08
3.2060968788872021e+08
3.2056521569767946e+08
3.2392155835763764e+08
3.2060828022955596e+08
3.2064439594928282e+08
3.2061493540785635e+08
3.2021829015246475e+08
3.2060852241565382e+08
3.2060903198336303e+08
3.2060844388593656e+08
3.1886259299061370e+08
3.2060843226142019e+08
3.2061527072716480e+08
3.2060828633538091e+08
3.2062840511044222e+08
3.2060902586492336e+08
3.2060846758499128e+08
3.2074293392294735e+08
3.2057353178816241e+08
3.2082884236140239e+08
3.2060857813846016e+08
3.2086311832580072e+08
3.2065770771169043e+08
3.9528320416154695e+08
3.2060728630359763e+08
3.2060858858847010e+08
3.2060807211712343e+08
3.2237222846964210e+08
3.2060930419527555e+08
3.2061031738022703e+08
3.2059004847495389e+08
3.2060872108726132e+08
3.8200841478851986e+08
3.2041650588363039e+08
3.2060872630381304e+08
3.2060747361345434e+08
3.2060828730717081e+08
3.2060870012190706e+08
3.1976028966669041e+08
3.2060844299249661e+08
3.1976119873709089e+08
3.2062277740107274e+08
3.1441229652721488e+08
3.1053142052766424e+08
3.2060829357245737e+08
3.1952715030805242e+08
3.2061115822769487e+08
3.2061230235248059e+08
3.2045106355462515e+08
3.2060233324258417e+08
3.3850252668362731e+08
3.2060828555154276e+08
3.2060826515086627e+08
2.9092959229747170e+08
3.1978291015350205e+08
3.1668724648794079e+08
3.3134026314797783e+08
3.1558361488479984e+08
3.2060827540711200e+08
3.2060828367444134e+08
3.2060831164334482e+08
3.2068179836908168e+08
3.2061109929105443e+08
3.2062064347271848e+08
3.2147415043711221e+08
3.2060937251652139e+08
3.2059695462993526e+08
3.0176968953862846e+08
3.2101617160748190e+08
3.2060833463151324e+08
3.2060858060543925e+08
3.2060828421341586e+08
3.2061217505156255e+08
3.2060829461402982e+08
3.2254432263705873e+08
3.8746005129555738e+08
3.1754515472658759e+08
3.1930707677869976e+08
3.2060828524359781e+08
3.2060796874698609e+08
3.2927594064063996e+08
3.2060828881465250e+08
3.2060865612151992e+08
3.1416606335421026e+08
3.2061373521868402e+08
3.2060828513104421e+08
3.2229037590114886e+08
3.2064448030624050e+08
3.2060836461540318e+08
3.2060835942578578e+08
3.2060828642266107e+08
3.2060828421415240e+08
3.2028071711782950e+08
3.2060828519926131e+08
3.2061252132444662e+08
3.1902400402858329e+08
3.2060827506286168e+08
3.2061558250553066e+08
3.2056747519352782e+08
3.2056789815464836e+08
3.2060825299695766e+08
3.0618292449707305e+08
3.2060827852918625e+08
3.3498108085118043e+08
3.2060803386333555e+08
3.2290744620873117e+08
3.2048952827102995e+08
3.1964638183079034e+08
3.2062686493050760e+08
3.2061023262353629e+08
3.2061347556215453e+08
3.1725566390585321e+08
3.1944376036680746e+08
3.2060928513948625e+08
3.2060964805636454e+08
3.2061034239202714e+08
3.1823965887129724e+08
3.2619796239449656e+08
3.2061023007346064e+08
3.2063567223300028e+08
3.2061103205966800e+08
3.1953841714520752e+08
3.1092815868201041e+08
3.2060819058266407e+08
3.2060778956925833e+08
3.2060821521325767e+08
3.2103297073231840e+08
3.2213238802260137e+08
3.1829474359661019e+08
3.2062681583771646e+08
3.2063091349160737e+08
3.2005818007721692e+08
3.1328683510788959e+08
3.2603959169343048e+08
3.2773066722065043e+08
3.2060828508099121e+08
3.5854231184454089e+08
3.2004544869349575e+08
3.1868352645051080e+08
3.1822286800715059e+08
3.2060637718304151e+08
3.2060906359178418e+08
3.2060828689677209e+08
3.2088114147406298e+08
3.2057605587307817e+08
3.2776622297621953e+08
3.2162265454414916e+08
3.2060902117222017e+08
3.6820219891081506e+08
3.2060857863513327e+08
3.2076614216936010e+08
3.2059135787628186e+08
3.2061208262812352e+08
3.2060828623087859e+08
3.5189279855240333e+08
3.2103911674126178e+08
3.2066186114849049e+08
3.2079283859670949e+08
3.2060833516310680e+08
3.2063058069376284e+08
3.0316365406230223e+08
3.2064573395219594e+08
3.2040989027409112e+08
3.2966634946314216e+08
3.2070946571517134e+08
3.0463356536473244e+08
3.2060834599632478e+08
3.2060891510716951e+08
3.2065729745907468e+08
3.2063182301505512e+08
3.2178474973939449e+08
3.2062874724674606e+08
3.2060828454472321e+08
3.2060612920481002e+08
3.1178168582949460e+08
3.2070954895170999e+08
3.2684458789880943e+08
3.2061093884905750e+08
3.2097560997300786e+08
3.2535657996934724e+08
3.2060828622422194e+08
3.2060828679282284e+08
3.2089725733159137e+08
3.2060818902737576e+08
3.2060828628446782e+08
3.2060869795530385e+08
3.2062207276287109e+08
3.6221497719749153e+08
3.2060614023685992e+08
3.2054368844028461e+08
3.2061372343780929e+08
3.3207079564606059e+08
3.2061557589514643e+08
3.2061994720120978e+08
3.2060827759151775e+08
3.2061613666282803e+08
3.2661933018810153e+08
3.2071450367579353e+08
3.2084562681750447e+08
3.2060811939970267e+08
3.1995645757882285e+08
3.2061415312840784e+08
3.2038317827703977e+08
3.2060824684988022e+08
3.4606065517591703e+08
3.1474861103248399e+08
3.2695146864187908e+08
3.2074986305909282e+08
3.2061069121156913e+08
3.2060871170884413e+08
3.2060810201843804e+08
3.2064266147540438e+08
3.3154730865590513e+08
3.1618967045593488e+08
3.2060828601743245e+08
3.1874903138623017e+08
3.2202879647693706e+08
3.2072755744626039e+08
3.2060928352673388e+08
3.2024235810811293e+08
3.2835978889248121e+08
3.2061374697996169e+08
3.1355136251639372e+08
3.2060870147454542e+08
3.7339554269270998e+08
3.2066815192508590e+08
3.2064016031227082e+08
3.4580259968568468e+08
3.1691407379015321e+08
3.2060906474720711e+08
3.2060378743384200e+08
3.1618276744410294e+08
3.2060833518775690e+08
3.2060828775712162e+08
3.2062700448139459e+08
3.2060860640261292e+08
3.1761060775545132e+08
3.2060872400207329e+08
3.2043564070580602e+08
3.2060873737319231e+08
3.2219916807203299e+08
3.2060828688689142e+08
3.1942448791390884e+08
3.1207998935372627e+08
3.2060830117779988e+08
3.2065606452760655e+08
3.2060828551827002e+08
3.2060831245953149e+08
3.2060867817495066e+08
3.2119927218622226e+08
3.4955041047641009e+08
3.2038614198919028e+08
3.2049643034283745e+08
3.2060827351588851e+08
3.3521835567431879e+08
3.2060938691965783e+08
3.2060844512755287e+08
3.2062293120984364e+08
3.1213539959476602e+08
3.2060857045605475e+08
3.2060815629005885e+08
3.2060828237025464e+08
3.1980160984421402e+08
3.2001897363615841e+08
3.2001681073084217e+08
3.2061834361951298e+08
3.2824666723117626e+08
3.2157590233976758e+08
3.1994412248352224e+08
3.2034234728266346e+08
2.9155250615522599e+08
3.2060830384956646e+08
3.1638808602474558e+08
3.1757256192808038e+08
3.2060833078250188e+08
3.1995780334842891e+08
3.2060832738629544e+08
3.2060846914089185e+08
3.2060869435796356e+08
3.2060856606327266e+08
3.7124994970273149e+08
3.1352079811367399e+08
3.2061067684819788e+08
3.2061040082073379e+08
3.2061493515035021e+08
3.1792097040563995e+08
3.2066153922338271e+08
3.2060905648291683e+08
3.2061083905070937e+08
3.2060924272495276e+08
3.2060855037239480e+08
3.2060827183720082e+08
3.2060826707184231e+08
3.1968574022416079e+08
3.2060818327620542e+08
3.2060831270368302e+08
3.2060828197233516e+08
3.2060827856538123e+08
3.2061230554557097e+08
3.6226945411340201e+08
3.2014098464169639e+08
3.2061276138838059e+08
3.2060830077822125e+08
3.2060827817197025e+08
3.2070915907186830e+08
3.2062244532663238e+08
3.1809200394326007e+08
3.2060952853220117e+08
3.2389139368531758e+08
3.2062867237333059e+08
3.2012359325641626e+08
3.2061207932777500e+08
3.1863778573665839e+08
3.2060902741553217e+08
3.2062373873577929e+08
3.2063396986169463e+08
3.1917834533283740e+08
3.2060553791051233e+08
3.2061083562401307e+08
3.2110244965856087e+08
3.2058865269648457e+08
3.2393529678095990e+08
3.2061014321671474e+08
3.1730248591131663e+08
3.2060845728930837e+08
3.2060829310817879e+08
3.2058934621841788e+08
3.2070471294844604e+08
3.2060808266500890e+08
3.2061191634827656e+08
3.2055793978062409e+08
3.2062274542000830e+08
3.2060826511304981e+08
3.2011246002279705e+08
3.2060832755576175e+08
3.1274683457115310e+08
3.2060856679724038e+08
3.2244920168119705e+08
3.2060827350199628e+08
3.1863377804838520e+08
3.2060833239004505e+08
3.2060823666556126e+08
3.1794377789654255e+08
3.2060906846129698e+08
3.2163833043326628e+08
3.2060937513685161e+08
3.2066162164017922e+08
3.2060836435244983e+08
3.2090775721776879e+08
3.2060869141510761e+08
3.2060828131069088e+08
2.9780857923470938e+08
3.0475902265312254e+08
3.2061536284462643e+08
3.2020312096591753e+08
3.3014602260306960e+08
3.2061044900156784e+08
3.1444840040590829e+08
3.2061026068199575e+08
3.2064638177156591e+08
3.2064477198579693e+08
3.2022271677847350e+08
3.2058723019242519e+08
3.0241353813346756e+08
3.2061571644368362e+08
3.2073800117760235e+08
3.2070399706263053e+08
3.2060828831656390e+08
3.2060959452268308e+08
3.2060821376339775e+08
3.2060929751212215e+08
3.1896650467312235e+08
3.2065738494993448e+08
3.1360530008522260e+08
3.2060828460583013e+08
3.2042937083163983e+08
3.2054997578128403e+08
3.2049256926682454e+08
3.2061305666250706e+08
3.2060845241721994e+08
3.2061062117862558e+08
3.2060834404486835e+08
3.2062979295156848e+08
3.2309467575306022e+08
3.2060828485108173e+08
3.2060865699972892e+08
3.2060783524037367e+08
3.2060830050258523e+08
3.2061554396896213e+08
3.2060830992483318e+08
3.3535654449132693e+08
3.2060941394897848e+08
3.2129913987021351e+08
3.2060897522178048e+08
3.2060928040874159e+08
3.1651859450286174e+08
3.1793058917311192e+08
3.2060824893959570e+08
3.2060904606631482e+08
3.2060829107099777e+08
3.1766839425585002e+08
3.2053013028376663e+08
3.2064481886329120e+08
3.2060829115910667e+08
3.2060829413405669e+08
3.2060804185877335e+08
3.2060828499829161e+08
3.2080615983136159e+08
3.2062255746854663e+08
3.2058247269404203e+08
3.2060999128395993e+08
3.1912338980384189e+08
3.2060780598234951e+08
3.2060829455010968e+08
3.2058633255941337e+08
3.2026565095926410e+08
3.2060857756385434e+08
3.2060354667971820e+08
3.2697597459685498e+08
3.1999773696323133e+08
3.2065810725420839e+08
3.2060713634017205e+08
3.2060789881517458e+08
3.2062785074980855e+08
3.2032177328410280e+08
3.0828568758705723e+08
3.2066370140273482e+08
3.2120172756224060e+08
3.1933242819782555e+08
3.2148109295871317e+08
3.2173040099031901e+08
3.2093669046889502e+08
3.2060869366581327e+08
3.0841947557527423e+08
3.2060905449544108e+08
3.2075761592386127e+08
3.2060272484924656e+08
3.2060866111516982e+08
3.2063369367214853e+08
3.2060818828752661e+08
3.2039213971936190e+08
3.2094823502964354e+08
3.2087006971066266e+08
3.2064605715909022e+08
3.1014158290723825e+08
3.2147459544057560e+08
3.2051282786108917e+08
3.2060732463827485e+08
3.2063084227658409e+08
3.2060833505263841e+08
3.2060831547229457e+08
3.2153143512800550e+08
3.2060839165806937e+08
3.2061590650679171e+08
3.2060830286766911e+08
3.2067257453894252e+08
3.2019400959832066e+08
3.2060742829358232e+08
3.2060829551916170e+08
3.2162320930085629e+08
3.2060856447610646e+08
3.2060856491567034e+08
3.2072344743175447e+08
2.9883391172258842e+08
3.2061588841781330e+08
3.2062739511517143e+08
3.2060902618229687e+08
3.5571897640801132e+08
3.2044308096178955e+08
3.1598474610855162e+08
2.9299592132152635e+08
3.2084586776198065e+08
3.1724979126611048e+08
3.0285320367302436e+08
3.2060931775880980e+08
3.2125686042180759e+08
2.9731927889481914e+08
3.2095788951947767e+08
3.2130848242103982e+08
3.2062210886937535e+08
3.2060830988741231e+08
3.2073811134574312e+08
3.2060835592270315e+08
3.2060835465831655e+08
3.2123936331307054e+08
3.2060838671738797e+08
3.2075087032482284e+08
3.2070930624495739e+08
3.2118774158687830e+08
3.2147130206646758e+08
3.2130716595007789e+08
3.2148611054511762e+08
3.2054504370746994e+08
3.2115991769201124e+08
3.2152866203219533e+08
3.2088561537491965e+08
3.2096594605782592e+08
3.2091864097185391e+08
3.2073292152948868e+08
3.2071211973908001e+08
3.2074971111544949e+08
3.2148478669907588e+08
3.2152872916329980e+08
3.2148344956858402e+08
3.2084582887423277e+08
3.2122283631301457e+08
3.2147955270446622e+08
3.2074813206695968e+08
3.2335585814443707e+08
3.2070935231258416e+08
3.2087513457420361e+08
3.3142848158079159e+08
3.2074342685942811e+08
3.2070511199138224e+08
3.2075375866241354e+08
3.2094873350207287e+08
3.2088193902941859e+08
3.2093462987719631e+08
3.2022938002999473e+08
3.2113618369204986e+08
3.2122429261767858e+08
3.2087498232811654e+08
3.2099694207248610e+08
3.2094813637329781e+08
3.2086328586225462e+08
3.2096328208249855e+08
3.2086435483301151e+08
3.2071181031433827e+08
3.2127867814670974e+08
3.2142914852858168e+08
3.2333012698366606e+08
3.2484872470250213e+08
3.1788192776167256e+08
3.2135627902971721e+08
3.2152233609233201e+08
3.2256336095218605e+08
3.2471974553808540e+08
3.6130204390474617e+08
2.0160459315405771e+08
2.0046638396308067e+08
2.0477855994332078e+08
2.3657433106333759e+08
3.1717110860368043e+08
2.9096236392052579e+08
2.9294461871446311e+08
3.2175892520075530e+08
3.1474248156299251e+08
3.3088117825373441e+08
3.2282558159282762e+08
3.1987491653459817e+08
3.1893100776984364e+08
3.2602450169040382e+08
3.2082646935742831e+08
3.1951761692014396e+08
2.6006749720726916e+08
3.4405053711367095e+08
3.0737659164602715e+08
2.6517623459957141e+08
3.1786965929890329e+08
2.7304553044310969e+08
2.5924391453323489e+08
3.2231071874745709e+08
2.2416640049279878e+08
3.1218988214954138e+08
3.0959507457987893e+08
3.1407988243564945e+08
3.2457536257634962e+08
3.2324476947424144e+08
3.3443995492923635e+08
3.0474130392674857e+08
3.2010908163027495e+08
3.3385761410333800e+08
3.1289360105947578e+08
3.0588909025551641e+08
3.1574533675687575e+08
1.9257944645645371e+08
2.6241899416784832e+08
2.8596042141417676e+08
2.8023842302625763e+08
3.0613705741950905e+08
3.0447654187020826e+08
2.9974426725361657e+08
2.7928119836392933e+08
2.8978276292020661e+08
3.4316159396528083e+08
3.6285055954644638e+08
2.9793988432414806e+08
2.9831965908853465e+08
2.9326211967561454e+08
2.9265177177881056e+08
3.1937391913834184e+08
3.0228548685442096e+08
2.5149256141624299e+08
2.1549306637926900e+08
2.9841747651205915e+08
2.0033695507884371e+08
2.9352560881988531e+08
3.0897162908508795e+08
2.9897248123078156e+08
2.9303750867124963e+08
2.5441482603542012e+08
3.2711470282417721e+08
3.0185297354587358e+08
2.9566240586385435e+08
3.5067589799160999e+08
2.9817221783103263e+08
3.0423774560841638e+08
2.6504425163771725e+08
2.9336654637002987e+08
2.8360425813445604e+08
2.7534617570690405e+08
2.7813695396794784e+08
2.8406389911219794e+08
2.7854599357742065e+08
2.8552766544752842e+08
2.7987630705695039e+08
2.8837205000726336e+08
2.8597540981087548e+08
2.8428244673371392e+08
2.8078560323076975e+08
2.5317427986516824e+08
2.7305526350586355e+08
2.7041918624157798e+08
2.8120679919509506e+08
2.7908661884874219e+08
2.8573843384330010e+08
2.9985558200384903e+08
2.9489257477777100e+08
2.7144389742813170e+08
2.4684914317093089e+08
2.8829229968852675e+08
2.6991161497328252e+08
2.5343208251038519e+08
2.5211249711458343e+08
2.6324330865689349e+08
3.6034075161571318e+08
2.2542644925866687e+08
2.5504862324781439e+08
2.5489627953108242e+08
2.7688810794746780e+08
2.6733956430680546e+08
2.4128862852781329e+08
2.6732668467610028e+08
2.7528351924525768e+08
2.6557556677467892e+08
2.6614869661952204e+08
2.7339364147825563e+08
2.5390980227594122e+08
2.6764718026018113e+08
2.6889689772869653e+08
3.0261363450632554e+08
2.8208631263663161e+08
2.7051059018868256e+08
3.3630497025992870e+08
2.6426353858674744e+08
2.7405091518761390e+08
2.8624695519573623e+08
2.7532897461207271e+08
2.7053558960322279e+08
2.8116613989044881e+08
2.7153794566910839e+08
2.7098109144215083e+08
2.7098113857839268e+08
2.6035038445579442e+08
2.5869411956005123e+08
2.7754706030945873e+08
2.7756689806904429e+08
2.5363317736098477e+08
3.0021169868841881e+08
3.0022125712648582e+08
2.5500956691749251e+08
2.3935795470384786e+08
2.6198817066294947e+08
2.4355600978249955e+08
2.5394356268360236e+08
2.9184893405696350e+08
3.2494353515850049e+08
2.7927226545841104e+08
2.6962523802698117e+08
3.1826178378801680e+08
2.7361964598518527e+08
2.6739094260142371e+08
3.0757347776213968e+08
2.8763443561528695e+08
2.6057726880309245e+08
3.2589256547836757e+08
3.0016903683778042e+08
2.1866342814123082e+08
2.8952372524462914e+08
3.0070669866290909e+08
2.7275729491388267e+08
2.7199377438427496e+08
3.5821389108029801e+08
3.0618935305805993e+08
2.7063768796114677e+08
2.7848386601279753e+08
3.6609169475207704e+08
2.5400330669490543e+08
2.5645497041358179e+08
2.7878903450082803e+08
2.7183961638354081e+08
2.7647930518077052e+08
2.6679820971213952e+08
2.8054421904015231e+08
2.6533341085077232e+08
2.5941928246117741e+08
2.6027389738587403e+08
2.5745521391736931e+08
2.4984267811709097e+08
2.7055200307518607e+08
2.6748860641445681e+08
2.5661081476316649e+08
2.5851887471485412e+08
2.5384216692347795e+08
2.8458419974927956e+08
2.3539995352163422e+08
2.6047672100365132e+08
2.0567774958726016e+08
1.8945982713268825e+08
1.9277039342267600e+08
2.0024134050097513e+08
1.9331097234985211e+08
2.0769063172284493e+08
2.9807941407198781e+08
2.8313523632414430e+08
2.6927133159993047e+08
2.6191525168831259e+08
2.9018404604588085e+08
2.2740945722407040e+08
2.4619514698665410e+08
2.5195055483091697e+08
2.4514533684842938e+08
2.4720300183128971e+08
2.8925117237818319e+08
2.8136397640138197e+08
2.5742044157376722e+08
2.5961812570255759e+08
2.4686596029082784e+08
2.3876515063524342e+08
2.5773958415915039e+08
2.4478419117709598e+08
2.4280967448357412e+08
2.4561336202851358e+08
2.8140253710274208e+08
2.7777462135597366e+08
2.2597338481972349e+08
2.2703384749278134e+08
2.4862232863065735e+08
2.8245924301920617e+08
2.9382145917356700e+08
2.3107116730783969e+08
2.3765287352527651e+08
2.3296391460960108e+08
2.3047734347773528e+08
2.5695766624858078e+08
2.4586353557294872e+08
2.6414219934692755e+08
2.4396307107426807e+08
2.5192878814648771e+08
2.2151106402347285e+08
2.2086128726767462e+08
2.3047734296027142e+08
2.5542614158437943e+08
2.3047732648722056e+08
2.5174670356648520e+08
2.4427519729226243e+08
2.5581158644482750e+08
2.9027163549905354e+08
2.3391478190996155e+08
2.3134201485271159e+08
2.4068889355101424e+08
2.2904365808085260e+08
2.2756695704351589e+08
2.1651474654821667e+08
2.2951504091101027e+08
2.2841656723257211e+08
2.5175567927598959e+08
2.0230673134590417e+08
2.0144878729526106e+08
2.0399341452436152e+08
2.0374588770526826e+08
2.3133104943551341e+08
2.2893873996237180e+08
2.0078947393414634e+08
1.9461437866454393e+08
2.5556678581576213e+08
2.5685599469507214e+08
2.4756100835760707e+08
1.9817364395665920e+08
2.1226779731845710e+08
2.4812824444819033e+08
2.3506326724930897e+08
2.0643037216061148e+08
1.8551345312261382e+08
2.3484353353816628e+08
2.2032934666543150e+08
2.5009922079080158e+08
2.2967818510543191e+08
2.2644718787068853e+08
2.4252114394090417e+08
2.5246509870374075e+08
2.1426077696922672e+08
2.1201451393978137e+08
2.1707690632861546e+08
2.0392235863554516e+08
1.9875985553307408e+08
1.9954224100128904e+08
1.9651373795252794e+08
1.9640860207033390e+08
1.8941432416091326e+08
1.9803770529864255e+08
1.9556912120105097e+08
