2.7612044361696167e+09
2.3896297800591002e+09
2.1967168688835545e+09
2.1508264928784723e+09
2.2966565203816800e+09
2.0587833412993300e+09
2.1933356663367219e+09
1.9398077545004964e+09
2.0314649109337089e+09
2.1970688809740610e+09
2.2459797313320746e+09
2.2470040443191652e+09
2.1602882433721237e+09
1.7659828593795440e+09
2.4764322053291683e+09
2.4769724506249804e+09
2.2813638583813190e+09
2.3308088558767691e+09
2.1184138533338494e+09
2.1273348121837091e+09
2.3405058887452779e+09
2.2591770840907817e+09
2.2048578025082712e+09
2.1253066544747522e+09
2.1547728205044928e+09
2.5827685036419954e+09
2.1901468855041785e+09
2.4511723978405609e+09
2.3370015993275571e+09
2.1373453673799958e+09
2.3658704642099624e+09
2.1402492038051021e+09
1.8994048012988248e+09
1.9749827867299721e+09
1.9808731799623055e+09
2.0876283293593483e+09
1.9988085775181274e+09
2.0450958966920042e+09
1.9752620083219597e+09
2.0452033568079731e+09
1.9986416839310186e+09
1.9752988297402239e+09
1.9513043825813005e+09
1.9513188221794131e+09
2.1551315926748190e+09
1.8704885813037326e+09
1.9564462783918593e+09
2.0518455303417904e+09
1.8721447209160345e+09
1.9163653065432830e+09
1.9482803552603874e+09
1.7685279570373538e+09
1.6214191038210535e+09
1.8336801064763360e+09
1.7928363538846726e+09
1.7549538633180058e+09
1.6187232498112946e+09
1.6052885204012151e+09
1.5836233071759055e+09
1.7066109732886930e+09
1.7304698849221807e+09
1.7227683829537191e+09
1.6934653226532891e+09
1.9166468260981143e+09
1.5979382795323610e+09
1.5999500525707381e+09
