2.7483391277646870e+10
2.3803571735594059e+10
2.1615600031624912e+10
2.1330872957261402e+10
2.2719944130601303e+10
2.0371699886610302e+10
2.1862973406382504e+10
1.9111465813520321e+10
2.0138613661703110e+10
2.1942414081292709e+10
2.1993309419138920e+10
2.1997188204964649e+10
2.1306406369534172e+10
1.7641021265785812e+10
2.4473772931576519e+10
2.4694813752064533e+10
2.2393753792068699e+10
2.2750832763484192e+10
2.1145959515932446e+10
2.0936478817591560e+10
2.3326668161656597e+10
2.2578510011662655e+10
2.1685075996423813e+10
2.0929388621281036e+10
2.1428154113377316e+10
2.5338428621476002e+10
2.1372315486642448e+10
2.4439470324107201e+10
2.3355119947933678e+10
2.1074333434497688e+10
2.3270888177204720e+10
2.1074179226499706e+10
1.8936183107619465e+10
1.9711525692827171e+10
1.9534439912748646e+10
2.0800953916906921e+10
1.9704957008140873e+10
1.9691725558719933e+10
1.9526919627896965e+10
1.9691655873307072e+10
1.9704916015132343e+10
1.9526922640675587e+10
1.9511284902027328e+10
1.9511283323138729e+10
2.1399009751152405e+10
1.8591437198798512e+10
1.9319752465440849e+10
2.0324271375431084e+10
1.8429947834229649e+10
1.8943734421906570e+10
1.9337487470334370e+10
1.7670723783633049e+10
1.5998332513779760e+10
1.8023838753091290e+10
1.7812561911703579e+10
1.7433578328526806e+10
1.5913264488450636e+10
1.5840203541379103e+10
1.5824222127896988e+10
1.7035861508309147e+10
1.7112411926462807e+10
1.6928956115830923e+10
1.6749298645416975e+10
1.8987780742330269e+10
1.5765189615874926e+10
1.5913741476265089e+10
