2.7638713289203572e+09
2.3906049309430385e+09
2.1978484099854245e+09
2.1535547893367944e+09
2.3007782347103357e+09
2.0629176622233498e+09
2.1942870554406819e+09
1.9405854250393622e+09
2.0338264115866086e+09
2.1992147650317435e+09
2.2837386205667086e+09
2.2862680152528830e+09
2.1622333165765448e+09
1.7680161221180830e+09
2.4784257785303564e+09
2.4827503273624992e+09
2.3038788894407444e+09
2.3933953395220423e+09
2.1199735801903455e+09
2.1287859891792538e+09
2.3437749453536506e+09
2.2598996133633289e+09
2.2047383475704322e+09
2.1256172164954195e+09
2.1591630312958775e+09
2.6068718596222053e+09
2.2513818969188418e+09
2.4569158978925352e+09
2.3377454208479795e+09
2.1407530997882872e+09
2.3658381841187167e+09
2.1405564883182309e+09
1.9018537630562010e+09
1.9770376027444177e+09
1.9844068945282357e+09
2.0893011920299978e+09
2.0080853718079016e+09
2.1566028365742402e+09
2.0187587895100248e+09
2.1569035809326048e+09
2.0076507043416111e+09
2.0187670271904943e+09
1.9514923181206315e+09
1.9515329605146644e+09
2.1570756126199074e+09
1.8744384124717906e+09
1.9586564026586502e+09
2.0549281786889071e+09
1.8740383655338478e+09
1.9183876556260984e+09
1.9501612944405625e+09
1.7689081617569716e+09
1.6244972153260140e+09
1.8336175473350480e+09
1.8008868509690330e+09
1.7634112506212294e+09
1.6186305938947060e+09
1.6082725892348864e+09
1.5840009686133804e+09
1.7078216244933178e+09
1.7372047458828359e+09
1.7234178539357176e+09
1.7006071777970612e+09
1.9194803640124183e+09
1.5993637324512269e+09
1.6017542415848689e+09
