2.7483397213624695e+10
2.3803612012717587e+10
2.1614755714398769e+10
2.1330830545698318e+10
2.2719383535015663e+10
2.0371179358357922e+10
2.1862986200631290e+10
1.9111155422245525e+10
2.0138568751254185e+10
2.1942845205124821e+10
2.1924490107749237e+10
2.1928609379906235e+10
2.1305955564944847e+10
1.7641407621746819e+10
2.4473737361739689e+10
2.4695055608666111e+10
2.2324862785469757e+10
2.2682268953721157e+10
2.1146184889997555e+10
2.0934128937291382e+10
2.3326876793332481e+10
2.2578947960861107e+10
2.1668934068775948e+10
2.0913572507391758e+10
2.1428189196331009e+10
2.5271367640835323e+10
2.1303394320452229e+10
2.4439720003781433e+10
2.3355561205879604e+10
2.1071888036548767e+10
2.3255328619878220e+10
2.1057864863959118e+10
1.8936396921326786e+10
1.9711764749876705e+10
1.9532203336424862e+10
2.0800986135275421e+10
1.9632348188391682e+10
1.9626119505669346e+10
1.9518291146502617e+10
1.9626101070414982e+10
1.9632237791467030e+10
1.9518290654729183e+10
1.9511795812137966e+10
1.9511794299085800e+10
2.1399009824400261e+10
1.8591462933455811e+10
1.9319729482737728e+10
2.0324267154810543e+10
1.8427909319113438e+10
1.8943698336761391e+10
1.9337487690688519e+10
1.7670954774700951e+10
1.5983054568793257e+10
1.8008149832951641e+10
1.7811420800615410e+10
1.7432426352260124e+10
1.5897033195141203e+10
1.5825497211389339e+10
1.5824449622940189e+10
1.7035932878943417e+10
1.7109844955408005e+10
1.6924123440004871e+10
1.6746919708367464e+10
1.8987775652520992e+10
1.5764756568424622e+10
1.5913747333928242e+10
