2.7616206594979277e+09
2.3898230111500955e+09
2.1969110037085366e+09
2.1512171883095899e+09
2.2971864619841180e+09
2.0593053946773829e+09
2.1935194668913031e+09
1.9399687025073252e+09
2.0318117714041226e+09
2.1973315234192953e+09
2.2504408413864913e+09
2.2516565903711047e+09
2.1605884120100293e+09
1.7662246580615578e+09
2.4767792465803738e+09
2.4776525398902764e+09
2.2839585211767411e+09
2.3385191611390386e+09
2.1186278395939174e+09
2.1275596551265402e+09
2.3409158612886882e+09
2.2592763907278123e+09
2.2049098379116898e+09
2.1254192386236794e+09
2.1553354972880225e+09
2.5855451916109242e+09
2.1977278621875067e+09
2.4518474978400202e+09
2.3371047578855772e+09
2.1377876996258383e+09
2.3659417307847281e+09
2.1403625065851865e+09
1.8997097972568521e+09
1.9752492007941761e+09
1.9813235716607957e+09
2.0878877565401878e+09
1.9998553768159809e+09
2.0611147822472208e+09
1.9798926388814442e+09
2.0612590205784736e+09
1.9996576374958186e+09
1.9799298130960472e+09
1.9513316700406687e+09
1.9513491367027719e+09
2.1554606906720185e+09
1.8709955202033284e+09
1.9567863712213099e+09
2.0522915233616438e+09
1.8724130566872382e+09
1.9166848933090048e+09
1.9485911930334256e+09
1.7685923345559444e+09
1.6218128232287710e+09
1.8337016004746521e+09
1.7937546530065069e+09
1.7559180531852715e+09
1.6187373917927978e+09
1.6056713778515825e+09
1.5836838171661789e+09
1.7067837261273918e+09
1.7312580997486551e+09
1.7228719072231338e+09
1.6942969567581494e+09
1.9170570044828451e+09
1.5981563921097016e+09
1.6002182156373296e+09
