2.7635931040124850e+09
2.3905085194372396e+09
2.1977300420705900e+09
2.1532658272901378e+09
2.3003283251087537e+09
2.0624659954704499e+09
2.1941926307565713e+09
1.9405088851510332e+09
2.0335773032251294e+09
2.1989821590175829e+09
2.2797752561542506e+09
2.2821592882821369e+09
2.1620263089081469e+09
1.7677951407752106e+09
2.4782216645285072e+09
2.4821241281085405e+09
2.3014497073393335e+09
2.3871164482338862e+09
2.1198071161933854e+09
2.1286302496522295e+09
2.3434197937644167e+09
2.2598225027827992e+09
2.2047790725408368e+09
2.1256115340344448e+09
2.1586888471882544e+09
2.6042665838808765e+09
2.2452697176241517e+09
2.4562938260083919e+09
2.3376660410557575e+09
2.1403787055194707e+09
2.3658727496875267e+09
2.1405514546268346e+09
1.9015870515374904e+09
1.9768165710504615e+09
1.9840178942680576e+09
2.0891266743748388e+09
2.0070632922227323e+09
2.1471043950988667e+09
2.0136131015430045e+09
2.1473946481752939e+09
2.0066576322867446e+09
2.0136274794503584e+09
1.9514724674967806e+09
1.9515102463101163e+09
2.1568764706001773e+09
1.8740115627932739e+09
1.9584215072764575e+09
2.0545990226407053e+09
1.8738319349271557e+09
1.9181760023003707e+09
1.9499675489210098e+09
1.7688691417036817e+09
1.6241562118223376e+09
1.8336345773076277e+09
1.8000030673875656e+09
1.7624829485172822e+09
1.6186504948511603e+09
1.6079440973357625e+09
1.5839617689677093e+09
1.7076935169521501e+09
1.7364664821565259e+09
1.7233478835558662e+09
1.6998238500685649e+09
1.9191784913884177e+09
1.5992122536818299e+09
1.6015640023174951e+09
