2.7483397090861027e+10
2.3803610686941025e+10
2.1614774730389687e+10
2.1330831142050808e+10
2.2719396285056171e+10
2.0371191253163277e+10
2.1862985914738365e+10
1.9111161821088017e+10
2.0138569390326469e+10
2.1942816274275146e+10
2.1928747602856464e+10
2.1932856518159332e+10
2.1305965561634407e+10
1.7641379376812145e+10
2.4473737862781902e+10
2.4695032008565422e+10
2.2329090615695171e+10
2.2686468931700665e+10
2.1146174105421619e+10
2.0934205941654320e+10
2.3326866509431232e+10
2.2578919264738098e+10
2.1669704059877621e+10
2.0914328908751072e+10
2.1428187936162579e+10
2.5275382801300903e+10
2.1307671939663956e+10
2.4439696235254463e+10
2.3355532682316833e+10
2.1071969056431553e+10
2.3256061674717411e+10
2.1058648465056675e+10
1.8936385896326939e+10
1.9711752963488869e+10
1.9532277554110394e+10
2.0800985085317024e+10
1.9636939239814655e+10
1.9630281995737526e+10
1.9518740196542038e+10
1.9630261381039291e+10
1.9636826319339661e+10
1.9518739710833920e+10
1.9511761971935135e+10
1.9511760401406624e+10
2.1399009821558704e+10
1.8591461987638683e+10
1.9319729774962982e+10
2.0324267192765121e+10
1.8427976568007629e+10
1.8943698863995453e+10
1.9337487684879089e+10
1.7670943683669426e+10
1.5983816186373547e+10
1.8008895219504581e+10
1.7811456027446709e+10
1.7432461997493340e+10
1.5897817926868761e+10
1.5826227573022345e+10
1.5824438554228193e+10
1.7035930453277006e+10
1.7109933387440111e+10
1.6924288407590910e+10
1.6747001385990870e+10
1.8987775699102127e+10
1.5764766414706272e+10
1.5913747199010708e+10
