2.7771417105517402e+09
2.3954032188555579e+09
2.2040036179108877e+09
2.1669985737083855e+09
2.3220055672232385e+09
2.0840615016890261e+09
2.1988880770502048e+09
1.9443139736999326e+09
2.0454075999195907e+09
2.2101169068854699e+09
2.4251248257795868e+09
2.4310095479483929e+09
2.1726205750862002e+09
1.7782693198657143e+09
2.4882123036382332e+09
2.5127761419900665e+09
2.4029700496413279e+09
2.5796639441747961e+09
2.1278384486561239e+09
2.1373783982051888e+09
2.3605105907223668e+09
2.2635975711650004e+09
2.2025813694810615e+09
2.1351171377688727e+09
2.1812133530819464e+09
2.7141848773118453e+09
2.4290799936862388e+09
2.4864986737997613e+09
2.3416025371583824e+09
2.1593652566901655e+09
2.3642327743671556e+09
2.1496677215749168e+09
1.9144542986069732e+09
1.9873351383382211e+09
2.0036695918627400e+09
2.0976356119355631e+09
2.0546389393436677e+09
2.3263831349991317e+09
2.2534462156057425e+09
2.3265738730444112e+09
2.0530717475997646e+09
2.2529183867304821e+09
1.9524437007523892e+09
1.9526168509849675e+09
2.1665307740887866e+09
1.8943509092106707e+09
1.9706096111589222e+09
2.0710100217596092e+09
1.8853157382242072e+09
1.9285850806671641e+09
1.9593463577307317e+09
1.7708257904101291e+09
1.6651911970171630e+09
1.8316702017275491e+09
1.8395242075049787e+09
1.8036480423419697e+09
1.6165595393113577e+09
1.6474473467376909e+09
1.5859141231849294e+09
1.7138469318860891e+09
1.7691705247717736e+09
1.7276300215096774e+09
1.7344474742507577e+09
1.9340564355075095e+09
1.6067309535372906e+09
1.6108162662473848e+09
