2.7797340283931913e+09
2.3963950498331695e+09
2.2052720107753987e+09
2.1695850869933434e+09
2.3260551423387351e+09
2.0880725908529308e+09
2.1998075526279864e+09
1.9450236846608241e+09
2.0476275290805244e+09
2.2122520132915030e+09
2.4446942937691536e+09
2.4507547469744048e+09
2.1747038696237202e+09
1.7802532424625854e+09
2.4901036924195914e+09
2.5189891355532546e+09
2.4190639733537745e+09
2.6001648018513703e+09
2.1293740793635674e+09
2.1392754556377690e+09
2.3637810749122267e+09
2.2643357893169093e+09
2.2028554462131867e+09
2.1402797737470243e+09
2.1853877329125905e+09
2.7318160019181290e+09
2.4481036099238062e+09
2.4925537917778683e+09
2.3423858074815192e+09
2.1628947882739539e+09
2.3647728936362000e+09
2.1546634217277327e+09
1.9169220083171816e+09
1.9893079493143237e+09
2.0073113301609819e+09
2.0992776641798959e+09
2.0632241701961944e+09
2.3346899135545111e+09
2.2830200737992444e+09
2.3348434435034394e+09
2.0614843907062793e+09
2.2823796704079676e+09
1.9526330803562248e+09
1.9528316694922910e+09
2.1683736689818544e+09
1.8981244399156706e+09
1.9730798104972663e+09
2.0741998769735944e+09
1.8877841179841902e+09
1.9305794988966510e+09
1.9611352826892259e+09
1.7712155766265419e+09
1.6786755794619420e+09
1.8311793993178260e+09
1.8463386418183041e+09
1.8106065739508111e+09
1.6160524885634751e+09
1.6605699300894885e+09
1.5863010447544670e+09
1.7150151327440093e+09
1.7747981220352714e+09
1.7286717401786344e+09
1.7403318952300105e+09
1.9369160285770764e+09
1.6081563875881202e+09
1.6125867258852532e+09
