2.7483381204688816e+10
2.3803528902438839e+10
2.1616908538648346e+10
2.1330969921729332e+10
2.2720800220294865e+10
2.0372490235086201e+10
2.1862953448688812e+10
1.9111997246227898e+10
2.0138715568040283e+10
2.1942219464787945e+10
2.2029708713315575e+10
2.2033400660413052e+10
2.1307117629445820e+10
1.7640872089578598e+10
2.4473856788134312e+10
2.4694892292713459e+10
2.2430785704977951e+10
2.2787781244553574e+10
2.1145801620397778e+10
2.0939037142477993e+10
2.3326539243772339e+10
2.2578299579009373e+10
2.1696550216602081e+10
2.0940569547551327e+10
2.1428125637714367e+10
2.5375928024412712e+10
2.1408596216414207e+10
2.4439537074926659e+10
2.3354902882620888e+10
2.1076947042856625e+10
2.3282174706053570e+10
2.1085632264623646e+10
1.8936061271776405e+10
1.9711365830707253e+10
1.9536829108397141e+10
2.0800918644204334e+10
1.9741111629970020e+10
1.9725275769420074e+10
1.9532097231331200e+10
1.9725172915607460e+10
1.9741200505160671e+10
1.9532107864265949e+10
1.9511053301466866e+10
1.9511052598005920e+10
2.1399010140559486e+10
1.8591418272445930e+10
1.9319811855829247e+10
2.0324285210708801e+10
1.8432139968548656e+10
1.8943816118954632e+10
1.9337487645482086e+10
1.7670562396781845e+10
1.6008396415851843e+10
1.8035089908483032e+10
1.7813823903917339e+10
1.7434849171803181e+10
1.5924538350496948e+10
1.5849961936961983e+10
1.5824066810937675e+10
1.7035788477716360e+10
1.7115004500755947e+10
1.6933915419452698e+10
1.6751714084555586e+10
1.8987797157894478e+10
1.5765851614763792e+10
1.5913732975422205e+10
