2.7483397798645073e+10
2.3803620400297478e+10
2.1614661697817059e+10
2.1330828279006790e+10
2.2719320253491039e+10
2.0371120204267281e+10
2.1862987610959476e+10
1.9111124899020947e+10
2.0138566302078289e+10
2.1943190039803246e+10
2.1876418851264881e+10
2.1880632709208961e+10
2.1305906396326733e+10
1.7641767656960358e+10
2.4473735412626080e+10
2.4695358695906506e+10
2.2277377835690235e+10
2.2635222036988182e+10
2.1146276523307201e+10
2.0933641119149750e+10
2.3326964375033821e+10
2.2579286394012787e+10
2.1662407256396770e+10
2.0907151662697067e+10
2.1428197315044346e+10
2.5227130589249420e+10
2.1254882106347408e+10
2.4440024078862850e+10
2.3355894348479816e+10
2.1071372794949001e+10
2.3249172727140396e+10
2.1051190942149288e+10
1.8936493405563400e+10
1.9711866756888233e+10
1.9531730612420692e+10
2.0800992770304462e+10
1.9580320011619232e+10
1.9578181740378262e+10
1.9514323424381599e+10
1.9578178664805058e+10
1.9580262867726402e+10
1.9514323276392139e+10
1.9512191969919468e+10
1.9512191295719498e+10
2.1399009834801556e+10
1.8591469050822918e+10
1.9319728385920883e+10
2.0324267033833420e+10
1.8427481686764755e+10
1.8943696260130558e+10
1.9337487716579052e+10
1.7671049304088650e+10
1.5976399326868298e+10
1.8001829073856274e+10
1.7811217287733223e+10
1.7432219930655029e+10
1.5890294598050501e+10
1.5819133545233938e+10
1.5824544643733053e+10
1.7035948471139517e+10
1.7109272502707525e+10
1.6923060652721767e+10
1.6746391823040342e+10
1.8987775505529751e+10
1.5764707662157887e+10
1.5913748002521065e+10
