2.7704675106661859e+09
2.3929421610777140e+09
2.2008138431771555e+09
2.1603049302673945e+09
2.3114321291393027e+09
2.0735605841208341e+09
2.1965540784873796e+09
1.9424459383018820e+09
2.0396474745676336e+09
2.2046455139264903e+09
2.3641076094919758e+09
2.3689764994510970e+09
2.1673142656494269e+09
1.7731483110138500e+09
2.4833054777068415e+09
2.4974129270328712e+09
2.3569339193998160e+09
2.5077365402941113e+09
2.1238907914017119e+09
2.1327904270802464e+09
2.3521204360937810e+09
2.2617253557110057e+09
2.2032778675780287e+09
2.1272143131463802e+09
2.1702562290496621e+09
2.6640706177587643e+09
2.3613701176734495e+09
2.4714297653677201e+09
2.3396369378803062e+09
2.1499479271530538e+09
2.3645254694437127e+09
2.1420627702356899e+09
1.9081310263463545e+09
1.9822013828096654e+09
1.9939378696391397e+09
2.0934354415802689e+09
2.0317587234136577e+09
2.2827500807046542e+09
2.1486473722648959e+09
2.2830494464068127e+09
2.0307053590520997e+09
2.1484173732497520e+09
1.9519624826730905e+09
1.9520696441163208e+09
2.1617880910189824e+09
1.8844455278664696e+09
1.9644389172592332e+09
2.0628513472560172e+09
1.8793149419579480e+09
1.9234495683967307e+09
1.9547424433676319e+09
1.7698461985730491e+09
1.6380906223997161e+09
1.8328503585250664e+09
1.8209386941551805e+09
1.7844183771603017e+09
1.6177947913924761e+09
1.6212755285709944e+09
1.5849391843221040e+09
1.7108297138091021e+09
1.7539959837640965e+09
1.7252908581803784e+09
1.7184164424665613e+09
1.9267002342177746e+09
1.6030242609115505e+09
1.6062604992974327e+09
