2.7483395459704350e+10
2.3803596796083473e+10
2.1615017539033756e+10
2.1330840824123634e+10
2.2719558351894135e+10
2.0371342123278694e+10
2.1862982251691605e+10
1.9111246936690189e+10
2.0138579698160004e+10
2.1942612904162785e+10
2.1959992886178120e+10
2.1964008073718842e+10
2.1306094096448139e+10
1.7641190062930447e+10
2.4473745935193794e+10
2.4694886785531017e+10
2.2360234822295868e+10
2.2717440486844669e+10
2.1146081904922012e+10
2.0935013464248180e+10
2.3326779406862320e+10
2.2578715254019958e+10
2.1676284466062202e+10
2.0920785264223167e+10
2.1428175135882061e+10
2.5305363847550896e+10
2.1339014537572086e+10
2.4439548789608730e+10
2.3355328404341770e+10
2.1072814410050739e+10
2.3262367672035950e+10
2.1065322174699425e+10
1.8936294627372097e+10
1.9711653729340012e+10
1.9533051287569462e+10
2.0800974048027153e+10
1.9670300740370392e+10
1.9660379982789066e+10
1.9522432156382271e+10
1.9660338828453995e+10
1.9670196962177181e+10
1.9522432317930187e+10
1.9511521927996548e+10
1.9511520122573704e+10
2.1399009785105278e+10
1.8591452451286118e+10
1.9319734714331852e+10
2.0324267957017242e+10
1.8428680107589630e+10
1.8943707225808437e+10
1.9337487608224861e+10
1.7670849054386776e+10
1.5990190851949928e+10
1.8015277936597214e+10
1.7811840321620964e+10
1.7432850351908306e+10
1.5904487261640085e+10
1.5832350733132441e+10
1.5824344727202890e+10
1.7035905431832249e+10
1.7110838825600557e+10
1.6925985126523041e+10
1.6747838956624670e+10
1.8987776626975674e+10
1.5764891587302443e+10
1.5913745488512945e+10
