2.7784453677544308e+09
2.3958991012784314e+09
2.2046399765733762e+09
2.1682993233109026e+09
2.3240453386791935e+09
2.0860827089812176e+09
2.1993494842042832e+09
1.9446722378489666e+09
2.0465245435601778e+09
2.2111897579659438e+09
2.4352195234420900e+09
2.4412044646509027e+09
2.1736667111495876e+09
1.7792673132921619e+09
2.4891644842751327e+09
2.5158829075574179e+09
2.4111802590367308e+09
2.5903944571233082e+09
2.1286105495983498e+09
2.1383256626282945e+09
2.3621536075852933e+09
2.2639679215456295e+09
2.2026736063833036e+09
2.1375649132861564e+09
2.1833187583074327e+09
2.7231719501214600e+09
2.4390549449574270e+09
2.4895285240394816e+09
2.3419949198599172e+09
2.1611540132182469e+09
2.3644504029181070e+09
2.1520345360039592e+09
1.9156938229642189e+09
1.9883287205303304e+09
2.0055154740165091e+09
2.0984605727821114e+09
2.0589780773553219e+09
2.3309447703069448e+09
2.2690532878078814e+09
2.3311161545855532e+09
2.0573220573086097e+09
2.2684682153656693e+09
1.9525387544850278e+09
1.9527247088681211e+09
2.1674572007670665e+09
1.8962544911398742e+09
1.9718467929987144e+09
2.0726130645383756e+09
1.8865493532390668e+09
1.9295880281016283e+09
1.9602457219329545e+09
1.7710210775585282e+09
1.6718100697683434e+09
1.8314233885485187e+09
1.8429774988844247e+09
1.8071814204388340e+09
1.6163042276629193e+09
1.6538819618429508e+09
1.5861080446480823e+09
1.7144347822423947e+09
1.7720004316702769e+09
1.7281440089366202e+09
1.7374126314122198e+09
1.9354947400048225e+09
1.6074488422111580e+09
1.6117064316061034e+09
