2.7718198273829527e+09
2.3934320846478038e+09
2.2014488951975470e+09
2.1616693271073108e+09
2.3135935653785677e+09
2.0757117116072767e+09
2.1970238395788708e+09
1.9428284680911677e+09
2.0408229602628233e+09
2.2057526007960439e+09
2.3778815242858143e+09
2.3830383743835397e+09
2.1683805323793087e+09
1.7741888307123048e+09
2.4843045053274994e+09
2.5004592459539270e+09
2.3668359601963925e+09
2.5250432745298619e+09
2.1246906981998034e+09
2.1336807495483670e+09
2.3538207952104611e+09
2.2621020121971931e+09
2.2030114135857882e+09
2.1282138303674634e+09
2.1724983256010475e+09
2.6748114698568697e+09
2.3777824199758081e+09
2.4744294778074841e+09
2.3400300018223357e+09
2.1518725235893459e+09
2.3643122412437997e+09
2.1430190344270289e+09
1.9094119467164452e+09
1.9832479489855390e+09
1.9959281683219843e+09
2.0942843029312599e+09
2.0364839537860744e+09
2.2954376416190081e+09
2.1731875216863627e+09
2.2957155727450194e+09
2.0353179854506168e+09
2.1728984227317657e+09
1.9520593357836759e+09
1.9521799561954856e+09
2.1627507282226644e+09
1.8864718768926072e+09
1.9656661143043106e+09
2.0644962436666648e+09
1.8804821555036705e+09
1.9244902545036170e+09
1.9556768374270091e+09
1.7700420563952415e+09
1.6425317536902955e+09
1.8326311112256398e+09
1.8248349187180741e+09
1.7884760022493441e+09
1.6175629657973874e+09
1.6255407561878591e+09
1.5851344552570357e+09
1.7114425580213814e+09
1.7572123684083054e+09
1.7257267277620502e+09
1.7218252347917974e+09
1.9281889600468464e+09
1.6037786849303794e+09
1.6071836203441968e+09
