2.7483379140739628e+10
2.3803521552567642e+10
2.1617167341552887e+10
2.1330991990815540e+10
2.2720968357868767e+10
2.0372645062501778e+10
2.1862949493700851e+10
1.9112106999279930e+10
2.0138738701935078e+10
2.1942194425644806e+10
2.2034693054339596e+10
2.2038357679156639e+10
2.1307259521088871e+10
1.7640854051368076e+10
2.4473876275117096e+10
2.4694920664858753e+10
2.2435890573512962e+10
2.2792877503937881e+10
2.1145778104422684e+10
2.0939485638369488e+10
2.3326522165893303e+10
2.2578271485218189e+10
2.1698273798318478e+10
2.0942243474141457e+10
2.1428121858848911e+10
2.5381183379294487e+10
2.1413561107796391e+10
2.4439563194786400e+10
2.3354873648076534e+10
2.1077400616396271e+10
2.3283888638211971e+10
2.1087340963650253e+10
1.8936045864999165e+10
1.9711342490439789e+10
1.9537244005756824e+10
2.0800912458152035e+10
1.9745902027368938e+10
1.9729824028026382e+10
1.9532814079145123e+10
1.9729717248520844e+10
1.9746012289031166e+10
1.9532826240196575e+10
1.9511023689756012e+10
1.9511023153559246e+10
2.1399010309690052e+10
1.8591416090652191e+10
1.9319826159985878e+10
2.0324288829259472e+10
1.8432521903358349e+10
1.8943834763523109e+10
1.9337487778821278e+10
1.7670538360874203e+10
1.6009856243676321e+10
1.8036791912846748e+10
1.7814043302497421e+10
1.7435069857113338e+10
1.5926214306144262e+10
1.5851383315993950e+10
1.5824043931100433e+10
1.7035776095600815e+10
1.7115442791175776e+10
1.6934756616125071e+10
1.6752123302101078e+10
1.8987801414448582e+10
1.5765981753807705e+10
1.5913731380112024e+10
