2.7647036770246119e+09
2.3908946719902029e+09
2.1982067182819910e+09
2.1544171859949136e+09
2.3021258945870476e+09
2.0642693906616714e+09
2.1945703299152231e+09
1.9408162484610856e+09
2.0345697394436851e+09
2.1999076489024758e+09
2.2952804468006454e+09
2.2982161044718986e+09
2.1628576127980576e+09
1.7686736956042466e+09
2.4790382856330051e+09
2.4846119547293887e+09
2.3110462880531569e+09
2.4113133294253793e+09
2.1204705670566061e+09
2.1292586356419744e+09
2.3448355145306716e+09
2.2601299996509247e+09
2.2045946303438559e+09
2.1256337144767880e+09
2.1605784589647799e+09
2.6145650629313798e+09
2.2687821339196453e+09
2.4587643957193689e+09
2.3379827958338513e+09
2.1418814609410486e+09
2.3657110163664684e+09
2.1405702052798808e+09
1.9026503855267689e+09
1.9776966516736031e+09
1.9855789731018784e+09
2.0898231217011013e+09
2.0111306342638407e+09
2.1819951743473902e+09
2.0346052505888734e+09
2.1823178448661246e+09
2.0106112981999354e+09
2.0345920633623993e+09
1.9515516423520780e+09
1.9516008092422330e+09
2.1576713174238462e+09
1.8757132327328057e+09
1.9593643285263791e+09
2.0559160162172856e+09
1.8746639985603349e+09
1.9190227542125552e+09
1.9507407612228868e+09
1.7690251484552157e+09
1.6255838590468678e+09
1.8335576310451396e+09
1.8035135164970522e+09
1.7661702143327920e+09
1.6185619279862750e+09
1.6093161278708172e+09
1.5841183746974611e+09
1.7082039590226912e+09
1.7394040908667142e+09
1.7236315630219722e+09
1.7029406350536289e+09
1.9203853124127963e+09
1.5998194463622177e+09
1.6023234697749560e+09
