2.7715498492025743e+09
2.3933339739383416e+09
2.2013215888533173e+09
2.1613972003588834e+09
2.3131629045727859e+09
2.0752832507954838e+09
2.1969299465256433e+09
1.9427522204043856e+09
2.0405887140878685e+09
2.2055315849128075e+09
2.3751945261722832e+09
2.3802981994100232e+09
2.1681671893241148e+09
1.7739811799779747e+09
2.4841052638615589e+09
2.4998487744520650e+09
2.3648836189965911e+09
2.5217167763502541e+09
2.1245310318243942e+09
2.1335012540789440e+09
2.3534815148632727e+09
2.2620267262374220e+09
2.2030608703586588e+09
2.1279911637913063e+09
2.1720516213208966e+09
2.6726918492449088e+09
2.3746333914213552e+09
2.4738289388767147e+09
2.3399513587446833e+09
2.1514883157538733e+09
2.3643500908768396e+09
2.1428056915657904e+09
1.9091562846956022e+09
1.9830391916494911e+09
1.9955308959488680e+09
2.0941147698243628e+09
2.0355440944130864e+09
2.2931120167856741e+09
2.1684105252496591e+09
2.2933943315610838e+09
2.0344004296026516e+09
2.1681333706553378e+09
1.9520399784525251e+09
1.9521579158124814e+09
2.1625586717991586e+09
1.8860679241262965e+09
1.9654201074024475e+09
2.0641674365337157e+09
1.8802469924981906e+09
1.9242825156413150e+09
1.9554904170388899e+09
1.7700028528329158e+09
1.6415988261615064e+09
1.8326760279994838e+09
1.8240625135495317e+09
1.7876728149789474e+09
1.6176103133746655e+09
1.6246441007140069e+09
1.5850953691316698e+09
1.7113202767656488e+09
1.7565767459329712e+09
1.7256382315659606e+09
1.7211519107364943e+09
1.9278915848546715e+09
1.6036281618086650e+09
1.6069993542785976e+09
