2.7553164609521155e+09
2.3856351373308754e+09
2.1925080735018525e+09
2.1460943507659695e+09
2.2919032001313181e+09
2.0546192940836868e+09
2.1897705076111445e+09
1.9355213411591845e+09
2.0268497282816248e+09
2.1956583590516663e+09
2.2355264457403226e+09
2.2361335326868877e+09
2.1551849610454960e+09
1.7649864553043246e+09
2.4694585184640789e+09
2.4746210471346698e+09
2.2749806098632455e+09
2.3136716349785194e+09
2.1163581820286479e+09
2.1232938483307889e+09
2.3376710984552751e+09
2.2582531707666979e+09
2.2026429222819190e+09
2.1231393760043352e+09
2.1505002948169980e+09
2.5757010179485044e+09
2.1733154450540385e+09
2.4489191452677546e+09
2.3360080103809695e+09
2.1329541377951193e+09
2.3633329840154071e+09
2.1379969590510502e+09
1.8973835929836357e+09
1.9729742165089962e+09
1.9768156695575204e+09
2.0840437118877926e+09
1.9962679797172370e+09
2.0087239763977463e+09
1.9654794107514789e+09
2.0087543578339665e+09
1.9961758259892783e+09
1.9654994693647487e+09
1.9510131791550360e+09
1.9510189941890347e+09
2.1494335825619578e+09
1.8665019173718615e+09
1.9508194260842907e+09
2.0459185539091523e+09
1.8683030801835740e+09
1.9110202898862381e+09
1.9430268552991586e+09
1.7675388907598317e+09
1.6196663253191712e+09
1.8324666270860696e+09
1.7901445141813807e+09
1.7521474836039915e+09
1.6177575702583117e+09
1.6036095639301639e+09
1.5827832550586119e+09
1.7047938188001008e+09
1.7271332255421481e+09
1.7206912931040854e+09
1.6901700197636337e+09
1.9112964627536304e+09
1.5943588254437938e+09
1.5964718597851074e+09
