2.7820269895920548e+09
2.3972932932183084e+09
2.2064038384148855e+09
2.1718744696850724e+09
2.3296166372115307e+09
2.0915946860328681e+09
2.2006277833790150e+09
1.9456424128096161e+09
2.0495907974972568e+09
2.2141477030757375e+09
2.4604018940259185e+09
2.4665455413968072e+09
2.1765538573092637e+09
1.7820068356426432e+09
2.4917710867391396e+09
2.5246038467234430e+09
2.4325409583491621e+09
2.6157171975606098e+09
2.1307337647695866e+09
2.1409912763038130e+09
2.3666863014765143e+09
2.2649948281574459e+09
2.2034178829067535e+09
2.1458301165168815e+09
2.1890376108059826e+09
2.7466285936637216e+09
2.4624331690813303e+09
2.4980116546491518e+09
2.3430887416845064e+09
2.1659143698512454e+09
2.3656290394002013e+09
2.1600483117572842e+09
1.9191158082684653e+09
1.9910425519095924e+09
2.0104263023952229e+09
2.1007362722482550e+09
2.0706729095463896e+09
2.3398714713830824e+09
2.3045589519099240e+09
2.3399964651891913e+09
2.0687919983325338e+09
2.3038245639839230e+09
1.9528018283202260e+09
1.9530228458661828e+09
2.1700068982140551e+09
1.9014211037465217e+09
1.9752964605000453e+09
2.0770261595344143e+09
1.8900117372855444e+09
1.9323431275283303e+09
1.9627219280315399e+09
1.7715652210398676e+09
1.6915390064779720e+09
1.8307510645756319e+09
1.8521987384193001e+09
1.8165415228788226e+09
1.6156121511850007e+09
1.6731336267231877e+09
1.5866476616691446e+09
1.7160460378164945e+09
1.7798469234071510e+09
1.7296586131435854e+09
1.7455638739013939e+09
1.9394447495360305e+09
1.6094096593734496e+09
1.6141540127466106e+09
