# step 1724  time 8.6199999999999477e+00
# columns: cell_id  cx  cy  cz  volume  p  T
25  6.0947609528501079e-01  2.9266210726740544e-01  0.0000000000000000e+00  2.0621669069294024e-02  6.5126697199008586e+06  3.7723673723196242e+02
26  5.5127463722714043e-01  2.0834582856899037e-01  0.0000000000000000e+00  1.7860615973428792e-02  6.4399676178813176e+06  3.7522842211969385e+02
27  2.9685056643464047e-01  7.3103958925359536e-01  0.0000000000000000e+00  1.6218163110777631e-02  7.6537924645633260e+06  3.7798985460063932e+02
28  3.7150955598931856e-01  2.9602492195082547e-01  0.0000000000000000e+00  1.6005200032365989e-02  6.8614047022564728e+06  3.7892363290992273e+02
29  7.0290986458291271e-01  7.3581743301133451e-01  0.0000000000000000e+00  1.7047025627060397e-02  7.0999854299840387e+06  3.8141310032557567e+02
30  2.6900918081678588e-01  2.9025900484497558e-01  0.0000000000000000e+00  1.5285096573220983e-02  7.0692311867559981e+06  3.8206292439464431e+02
31  7.2737397651990365e-01  2.8691982908900121e-01  0.0000000000000000e+00  1.6404496291880760e-02  6.3703136943812603e+06  3.7514895470566046e+02
32  3.0017798959877612e-01  6.3433238587380647e-01  0.0000000000000000e+00  1.4339684054445571e-02  7.5435560465306100e+06  3.7709939307290102e+02
33  7.0131683066379602e-01  6.3608365784646548e-01  0.0000000000000000e+00  1.5110607879124022e-02  6.9068845700234259e+06  3.7862276803050702e+02
34  9.4511654972274750e-01  4.9676656308692896e-01  0.0000000000000000e+00  1.6465035083173568e-02  6.1396068761581499e+06  3.7671032921596310e+02
35  4.9953254062032793e-01  9.4544198399712454e-01  0.0000000000000000e+00  1.6367404800839730e-02  7.8627470937315477e+06  4.2150493711723129e+02
36  5.4568870682756773e-02  4.9622169524871568e-01  0.0000000000000000e+00  1.6370661204804321e-02  7.8560296277113045e+06  4.2252268370479175e+02
37  4.9933490045277412e-01  7.2959749507372162e-01  0.0000000000000000e+00  1.5986497181515985e-02  7.4215661687574740e+06  3.7896598220280407e+02
38  4.9797281719472386e-01  4.4125347690188492e-02  0.0000000000000000e+00  1.3237604307054687e-02  6.1094236534929750e+06  3.7721883281337062e+02
39  4.9898298685472503e-01  6.1492240364977013e-01  0.0000000000000000e+00  1.8363423396054346e-02  7.2321750925121661e+06  3.7797306409439051e+02
40  9.3823320415483258e-01  6.9638312608651376e-01  0.0000000000000000e+00  1.8530038753598849e-02  6.2776446572437063e+06  3.8204537356441631e+02
41  3.0060903013163343e-01  9.4443640526000161e-01  0.0000000000000000e+00  1.6669078422068828e-02  7.9217064806009689e+06  4.0834271666777329e+02
42  5.6460714492188577e-02  3.0003785886966761e-01  0.0000000000000000e+00  1.6938214347727049e-02  7.7526142016420802e+06  4.3338757391606845e+02
43  8.8864218728902822e-01  3.9682806088356021e-01  0.0000000000000000e+00  1.5866755159615442e-02  6.2097007640147796e+06  3.7596236682562710e+02
44  4.0009262781926180e-01  7.8159941376839359e-01  0.0000000000000000e+00  1.5707109643331066e-02  7.6274936861525914e+06  3.7893838456056574e+02
45  8.8334975387758052e-01  5.9314968917431066e-01  0.0000000000000000e+00  1.7502993249730647e-02  6.3594873735609204e+06  3.7857064402404740e+02
46  9.4352563756628116e-01  3.0006149779579255e-01  0.0000000000000000e+00  1.6942308730066108e-02  6.0798923256026199e+06  3.7434952616940393e+02
47  4.0014157075066753e-01  8.8987838925712781e-01  0.0000000000000000e+00  1.6251836214990156e-02  7.7888249221631214e+06  3.7617639807988616e+02
48  1.1102958517494534e-01  3.9625955411708869e-01  0.0000000000000000e+00  1.5685175119028776e-02  7.6394871673729550e+06  3.8103298848040754e+02
49  4.2874607159796685e-01  2.1105730575974124e-01  0.0000000000000000e+00  1.6078260328838922e-02  6.5739152610574048e+06  3.8102389501529626e+02
50  6.2957145901356371e-02  6.9488215948278842e-01  0.0000000000000000e+00  1.8887143770275922e-02  7.9058651344869649e+06  4.0683485742618535e+02
51  6.9815869099756067e-01  9.4699982035896380e-01  0.0000000000000000e+00  1.5900053892200394e-02  7.7700583440955002e+06  4.3459145373049500e+02
52  3.0514549807067287e-01  6.1128182094867284e-02  0.0000000000000000e+00  1.8338454628406730e-02  6.2677569150602380e+06  3.8197326473766958e+02
53  6.9434073036647614e-01  5.8416704904116525e-02  0.0000000000000000e+00  1.7525011471281104e-02  6.0855826215227302e+06  3.7437371213982124e+02
54  5.9754253438072291e-01  7.8487629092141842e-01  0.0000000000000000e+00  1.5810449804041171e-02  7.4050509450205350e+06  3.8169417300925045e+02
55  1.1752601658411314e-01  5.9110385473048710e-01  0.0000000000000000e+00  1.7442586765383690e-02  7.7656565171238771e+06  3.7640666584237312e+02
56  5.9769123161687288e-01  8.9244180435609077e-01  0.0000000000000000e+00  1.5793157039555250e-02  7.6526885557167288e+06  3.8086592974093367e+02
57  4.0311831526623704e-01  1.0525352978505578e-01  0.0000000000000000e+00  1.4208687458071328e-02  6.3285066536708130e+06  3.7816566699892167e+02
58  5.9231354756206811e-01  1.0254205259430504e-01  0.0000000000000000e+00  1.4790476336664006e-02  6.2180492007707274e+06  3.7697563469902497e+02
59  2.1843255342838080e-01  3.9201918466447361e-01  0.0000000000000000e+00  1.4655212980729040e-02  7.3828901816217946e+06  3.8235679917276411e+02
60  7.7814979587564859e-01  3.9193635393917303e-01  0.0000000000000000e+00  1.5607648552403403e-02  6.4039579234005017e+06  3.7649944729679311e+02
61  4.8803387171598892e-02  8.8452994616180858e-01  0.0000000000000000e+00  1.4641016151479676e-02  7.9721788396993363e+06  3.9436089565048565e+02
62  8.8452994616190173e-01  9.5119661282852108e-01  0.0000000000000000e+00  1.4641016151443587e-02  7.4777678542801468e+06  4.4784810081197168e+02
63  1.1547005383802733e-01  4.8803387171621866e-02  0.0000000000000000e+00  1.4641016151454191e-02  6.5786833078453243e+06  4.4494132243491299e+02
64  4.8803387171508048e-02  1.1547005383856594e-01  0.0000000000000000e+00  1.4641016151513333e-02  7.4757658484654110e+06  4.4786943774660517e+02
65  1.1547005383854295e-01  9.5119661282847534e-01  0.0000000000000000e+00  1.4641016151518291e-02  7.9729959775337325e+06  3.9395686818900930e+02
66  9.5119661282856915e-01  8.8452994616167990e-01  0.0000000000000000e+00  1.4641016151468011e-02  6.5811031391204959e+06  4.4478151616395286e+02
67  9.5119661282883483e-01  1.1547005383759787e-01  0.0000000000000000e+00  1.4641016151317146e-02  6.0273927877952093e+06  3.7348202786403141e+02
68  8.8452994616199287e-01  4.8803387171078530e-02  0.0000000000000000e+00  1.4641016151362110e-02  6.0279415791868307e+06  3.7352860936784828e+02
69  5.4764932527260346e-01  3.9834562826979614e-01  0.0000000000000000e+00  1.6056358884234831e-02  6.7626489163567685e+06  3.7741258974794454e+02
70  7.7991541095556238e-01  5.7374906770209055e-01  0.0000000000000000e+00  1.3949772451157860e-02  6.6273340797244422e+06  3.8139730493165888e+02
71  4.0306813738534847e-01  5.7021711896465377e-01  0.0000000000000000e+00  1.4496207733123948e-02  7.3008934520110665e+06  3.7966888413261182e+02
72  5.9559758686355757e-01  5.7046742433259812e-01  0.0000000000000000e+00  1.5249945116574043e-02  6.9944202177592749e+06  3.8022080814306128e+02
73  2.2146246987904991e-01  5.7216638994357061e-01  0.0000000000000000e+00  1.3826666538370287e-02  7.5839151278848313e+06  3.8032622969614908e+02
74  3.7718671523630115e-01  4.7425572500132657e-01  0.0000000000000000e+00  1.4214058816954728e-02  7.1981020673466055e+06  3.7888501504668812e+02
75  6.1858722601919813e-01  4.7314123082254006e-01  0.0000000000000000e+00  1.4509533161271709e-02  6.8027084658198422e+06  3.7770601801795584e+02
76  7.7887067652899544e-01  1.0722009207519508e-01  0.0000000000000000e+00  1.3259182618278631e-02  6.1124462297401438e+06  3.7402914574004001e+02
77  7.8268863715899994e-01  8.9819643318748510e-01  0.0000000000000000e+00  1.1985294198505581e-02  7.4376636957671801e+06  3.9590412670781149e+02
78  1.1176053307295518e-01  7.7941210564413477e-01  0.0000000000000000e+00  1.3505258781474912e-02  7.8865314450295465e+06  3.7567656793252928e+02
79  2.2061555190918941e-01  1.0993156926648916e-01  0.0000000000000000e+00  1.3364311989307027e-02  6.6000109738400588e+06  3.8860402522306839e+02
80  8.8942981698340140e-01  7.8091307224871997e-01  0.0000000000000000e+00  1.3079937636054806e-02  6.6094161225215886e+06  3.8945606766323385e+02
81  2.1607908396934428e-01  8.9563301808847728e-01  0.0000000000000000e+00  1.1920726477124638e-02  7.8973690258276211e+06  3.7554773502787759e+02
82  1.0526410166369661e-01  2.1550791270740127e-01  0.0000000000000000e+00  1.1867403315974698e-02  7.4307788223288199e+06  3.9545067191369304e+02
83  8.9472225039511732e-01  2.1553155163387905e-01  0.0000000000000000e+00  1.1873691871297998e-02  6.1045573203688553e+06  3.7409981634312936e+02
84  7.8906298076211911e-01  2.0728158987147632e-01  0.0000000000000000e+00  1.2782617156804149e-02  6.2089411133738523e+06  3.7583265426316808e+02
85  7.8758850798050095e-01  7.9457955927452684e-01  0.0000000000000000e+00  1.2837549101414519e-02  7.0459553372977236e+06  3.8784515494421959e+02
86  2.1236956320375674e-01  7.9051517757080347e-01  0.0000000000000000e+00  1.2697758524727085e-02  7.8073208084721416e+06  3.7815395205519673e+02
87  2.1040959973485862e-01  2.0996942813532457e-01  0.0000000000000000e+00  1.2565274838129145e-02  7.0190004833202744e+06  3.8875883388645599e+02
88  4.3221135160608581e-01  3.9899696576246518e-01  0.0000000000000000e+00  1.4247132943011290e-02  6.9793034230747409e+06  3.8002705007411021e+02
89  2.6590829223112883e-01  4.7304386100918405e-01  0.0000000000000000e+00  1.1828759173494942e-02  7.3906460518702948e+06  3.7874306340068586e+02
90  7.3118981538734973e-01  4.7247423467032112e-01  0.0000000000000000e+00  1.1940592208108142e-02  6.5830922190748332e+06  3.7794711583746977e+02
