# step 524  time 5.2399999999999327e+00
# columns: cell_id  cx  cy  cz  volume  p  T
17  4.9999999999972211e-01  4.1581330609475403e-01  0.0000000000000000e+00  5.3372225275520865e-02  6.7757274970989814e+06  3.0400902212962274e+02
18  5.0000000000013045e-01  5.8418669390549294e-01  0.0000000000000000e+00  5.3372225275486282e-02  6.9588444907428678e+06  3.1465931700420140e+02
19  9.0377495513518946e-01  4.9999999999914585e-01  0.0000000000000000e+00  4.8112522432398608e-02  7.8828519106778111e+06  3.1058476560027725e+02
20  9.6225044864737361e-02  5.0000000000115574e-01  0.0000000000000000e+00  4.8112522432301831e-02  6.0141476663878877e+06  4.6836041417886207e+02
21  4.9999999999922617e-01  8.2479972761320117e-02  0.0000000000000000e+00  4.1239986380654195e-02  6.5644901008913014e+06  3.1426596153077412e+02
22  5.0000000000097422e-01  9.1752002723872572e-01  0.0000000000000000e+00  4.1239986380579824e-02  6.9563165366505776e+06  2.4785883851861470e+02
23  1.9188436272906628e-01  9.1922674838271745e-01  0.0000000000000000e+00  4.0386625808809279e-02  6.0407289984124061e+06  2.3686307230911981e+02
24  8.0811563727108460e-01  8.0773251617356503e-02  0.0000000000000000e+00  4.0386625808784618e-02  7.9897783171930332e+06  3.1385771839243813e+02
25  9.1922674838248786e-01  1.9188436272819084e-01  0.0000000000000000e+00  4.0386625808655346e-02  7.9956120101229372e+06  3.1756064721057982e+02
26  8.0773251617492714e-02  8.0811563727191471e-01  0.0000000000000000e+00  4.0386625808634377e-02  5.9932801003761878e+06  3.8564556835289898e+02
27  8.0773251616928540e-02  1.9188436272870402e-01  0.0000000000000000e+00  4.0386625808632365e-02  6.0050831059200279e+06  3.0574884323984116e+02
28  9.1922674838303398e-01  8.0811563727146651e-01  0.0000000000000000e+00  4.0386625808589371e-02  7.9380657934283363e+06  3.2245465391663731e+02
29  1.9188436272776282e-01  8.0773251617130407e-02  0.0000000000000000e+00  4.0386625808464575e-02  6.0157210248268060e+06  3.0519954995682417e+02
30  8.0811563727223112e-01  9.1922674838286988e-01  0.0000000000000000e+00  4.0386625808453036e-02  7.6974942954180818e+06  2.9045407960249560e+02
31  1.7699829648166596e-01  3.5855102939575606e-01  0.0000000000000000e+00  3.3329991413492091e-02  6.0158700183196189e+06  3.0505968808017951e+02
32  8.2300170351822333e-01  6.4144897060451467e-01  0.0000000000000000e+00  3.3329991413463322e-02  7.8666487552576363e+06  3.0482205909552613e+02
33  8.2300170351767687e-01  3.5855102939457245e-01  0.0000000000000000e+00  3.3329991413255156e-02  7.6003346638339180e+06  3.0240253064776999e+02
34  1.7699829648223006e-01  6.4144897060563322e-01  0.0000000000000000e+00  3.3329991413233680e-02  6.0167005000806674e+06  1.2282125146891730e+02
35  3.4366496314812817e-01  3.2991989104550251e-01  0.0000000000000000e+00  3.3080880809938921e-02  6.2158505525174551e+06  3.0630976634711266e+02
36  6.5633503685176020e-01  6.7008010895464443e-01  0.0000000000000000e+00  3.3080880809888802e-02  7.3389213441908313e+06  3.0318118461638164e+02
37  3.4366496314910061e-01  6.7008010895516201e-01  0.0000000000000000e+00  3.3080880809540213e-02  6.4274620728281029e+06  3.0183597562011187e+02
38  6.5633503685080596e-01  3.2991989104505864e-01  0.0000000000000000e+00  3.3080880809544688e-02  7.2739060160533469e+06  3.1863801923330095e+02
39  6.4144897060421313e-01  1.6325322437867665e-01  0.0000000000000000e+00  3.1453509115425347e-02  7.0162127353569968e+06  2.9882025281273025e+02
40  3.5855102939593703e-01  8.3674677562144351e-01  0.0000000000000000e+00  3.1453509115408784e-02  6.8527705315659186e+06  4.1593544041332399e+02
41  3.5855102939422484e-01  1.6325322437845047e-01  0.0000000000000000e+00  3.1453509115432383e-02  6.0230826876104977e+06  3.0627343224731851e+02
42  6.4144897060576811e-01  8.3674677562159594e-01  0.0000000000000000e+00  3.1453509115412032e-02  7.6054474576480985e+06  4.2971582044004629e+02
