# step 539  time 2.6949999999999648e+00
# columns: cell_id  cx  cy  cz  volume  p  T
25  6.0947609528501079e-01  2.9266210726740544e-01  0.0000000000000000e+00  2.0621669069294024e-02  6.5198074910623170e+06  3.7497517846363644e+02
26  5.5127463722714043e-01  2.0834582856899037e-01  0.0000000000000000e+00  1.7860615973428792e-02  6.4464363677547779e+06  3.7423982720330798e+02
27  2.9685056643464047e-01  7.3103958925359536e-01  0.0000000000000000e+00  1.6218163110777631e-02  7.6651057163423654e+06  3.7654653493351242e+02
28  3.7150955598931856e-01  2.9602492195082547e-01  0.0000000000000000e+00  1.6005200032365989e-02  6.8714980961079756e+06  3.7598019472345470e+02
29  7.0290986458291271e-01  7.3581743301133451e-01  0.0000000000000000e+00  1.7047025627060397e-02  7.1115633124527708e+06  3.7706291411427651e+02
30  2.6900918081678588e-01  2.9025900484497558e-01  0.0000000000000000e+00  1.5285096573220983e-02  7.0811692702431669e+06  3.7725765320580535e+02
31  7.2737397651990365e-01  2.8691982908900121e-01  0.0000000000000000e+00  1.6404496291880760e-02  6.3760522776925825e+06  3.7414390773182532e+02
32  3.0017798959877612e-01  6.3433238587380647e-01  0.0000000000000000e+00  1.4339684054445571e-02  7.5557633587251548e+06  3.7615117420820008e+02
33  7.0131683066379602e-01  6.3608365784646548e-01  0.0000000000000000e+00  1.5110607879124022e-02  6.9165911993431328e+06  3.7593792169768892e+02
34  9.4511654972274750e-01  4.9676656308692896e-01  0.0000000000000000e+00  1.6465035083173568e-02  6.1416704739446007e+06  3.7440816104402586e+02
35  4.9953254062032793e-01  9.4544198399712454e-01  0.0000000000000000e+00  1.6367404800839730e-02  7.8727969911979083e+06  3.9739246699841470e+02
36  5.4568870682756773e-02  4.9622169524871568e-01  0.0000000000000000e+00  1.6370661204804321e-02  7.8664862631142037e+06  3.9807617611139744e+02
37  4.9933490045277412e-01  7.2959749507372162e-01  0.0000000000000000e+00  1.5986497181515985e-02  7.4346844051738689e+06  3.7657550136549236e+02
38  4.9797281719472386e-01  4.4125347690188492e-02  0.0000000000000000e+00  1.3237604307054687e-02  6.1108491244814144e+06  3.7455214303886282e+02
39  4.9898298685472503e-01  6.1492240364977013e-01  0.0000000000000000e+00  1.8363423396054346e-02  7.2433987040064204e+06  3.7606728615345736e+02
40  9.3823320415483258e-01  6.9638312608651376e-01  0.0000000000000000e+00  1.8530038753598849e-02  6.2787902110810187e+06  3.7622047947729681e+02
41  3.0060903013163343e-01  9.4443640526000161e-01  0.0000000000000000e+00  1.6669078422068828e-02  7.9283371018264573e+06  3.8985150807221419e+02
42  5.6460714492188577e-02  3.0003785886966761e-01  0.0000000000000000e+00  1.6938214347727049e-02  7.7609946726711560e+06  4.0678271130265443e+02
43  8.8864218728902822e-01  3.9682806088356021e-01  0.0000000000000000e+00  1.5866755159615442e-02  6.2129695320988167e+06  3.7423572428894727e+02
44  4.0009262781926180e-01  7.8159941376839359e-01  0.0000000000000000e+00  1.5707109643331066e-02  7.6404328041451517e+06  3.7677842109417702e+02
45  8.8334975387758052e-01  5.9314968917431066e-01  0.0000000000000000e+00  1.7502993249730647e-02  6.3634787159917159e+06  3.7523729747966109e+02
46  9.4352563756628116e-01  3.0006149779579255e-01  0.0000000000000000e+00  1.6942308730066108e-02  6.0814165944419801e+06  3.7357869168635170e+02
47  4.0014157075066753e-01  8.8987838925712781e-01  0.0000000000000000e+00  1.6251836214990156e-02  7.8050641688969685e+06  3.7610619792801668e+02
48  1.1102958517494534e-01  3.9625955411708869e-01  0.0000000000000000e+00  1.5685175119028776e-02  7.6602050237359591e+06  3.7630428202073688e+02
49  4.2874607159796685e-01  2.1105730575974124e-01  0.0000000000000000e+00  1.6078260328838922e-02  6.5802407597295884e+06  3.7632980339572998e+02
50  6.2957145901356371e-02  6.9488215948278842e-01  0.0000000000000000e+00  1.8887143770275922e-02  7.9134610900698183e+06  3.8901206855217083e+02
51  6.9815869099756067e-01  9.4699982035896380e-01  0.0000000000000000e+00  1.5900053892200394e-02  7.7776566652453542e+06  4.0798945466979569e+02
52  3.0514549807067287e-01  6.1128182094867284e-02  0.0000000000000000e+00  1.8338454628406730e-02  6.2691609657104574e+06  3.7621556493844633e+02
53  6.9434073036647614e-01  5.8416704904116525e-02  0.0000000000000000e+00  1.7525011471281104e-02  6.0871479708035048e+06  3.7358746822165540e+02
54  5.9754253438072291e-01  7.8487629092141842e-01  0.0000000000000000e+00  1.5810449804041171e-02  7.4205486496982770e+06  3.7755629740945761e+02
55  1.1752601658411314e-01  5.9110385473048710e-01  0.0000000000000000e+00  1.7442586765383690e-02  7.7831452345893346e+06  3.7611215534049762e+02
56  5.9769123161687288e-01  8.9244180435609077e-01  0.0000000000000000e+00  1.5793157039555250e-02  7.6730148932711687e+06  3.7632323040357102e+02
57  4.0311831526623704e-01  1.0525352978505578e-01  0.0000000000000000e+00  1.4208687458071328e-02  6.3323704453797471e+06  3.7507004350768625e+02
58  5.9231354756206811e-01  1.0254205259430504e-01  0.0000000000000000e+00  1.4790476336664006e-02  6.2208028439167598e+06  3.7458549632411513e+02
59  2.1843255342838080e-01  3.9201918466447361e-01  0.0000000000000000e+00  1.4655212980729040e-02  7.3987516711267335e+06  3.7775455302765494e+02
60  7.7814979587564859e-01  3.9193635393917303e-01  0.0000000000000000e+00  1.5607648552403403e-02  6.4097254220027979e+06  3.7461609003679388e+02
61  4.8803387171598892e-02  8.8452994616180858e-01  0.0000000000000000e+00  1.4641016151479676e-02  7.9745058977646921e+06  3.8348801746988897e+02
62  8.8452994616190173e-01  9.5119661282852108e-01  0.0000000000000000e+00  1.4641016151443587e-02  7.4625525964885391e+06  4.2970149598670150e+02
63  1.1547005383802733e-01  4.8803387171621866e-02  0.0000000000000000e+00  1.4641016151454191e-02  6.5433204103711955e+06  4.0220805089215247e+02
64  4.8803387171508048e-02  1.1547005383856594e-01  0.0000000000000000e+00  1.4641016151513333e-02  7.4606812451704312e+06  4.2976732549311521e+02
65  1.1547005383854295e-01  9.5119661282847534e-01  0.0000000000000000e+00  1.4641016151518291e-02  7.9753086154689724e+06  3.8331373019834479e+02
66  9.5119661282856915e-01  8.8452994616167990e-01  0.0000000000000000e+00  1.4641016151468011e-02  6.5455558388695223e+06  4.0217877778432330e+02
67  9.5119661282883483e-01  1.1547005383759787e-01  0.0000000000000000e+00  1.4641016151317146e-02  6.0279616109064789e+06  3.7325292336178723e+02
68  8.8452994616199287e-01  4.8803387171078530e-02  0.0000000000000000e+00  1.4641016151362110e-02  6.0285111428101305e+06  3.7326850931228614e+02
69  5.4764932527260346e-01  3.9834562826979614e-01  0.0000000000000000e+00  1.6056358884234831e-02  6.7720349702007482e+06  3.7532796766171862e+02
70  7.7991541095556238e-01  5.7374906770209055e-01  0.0000000000000000e+00  1.3949772451157860e-02  6.6332164293959588e+06  3.7650624812050398e+02
71  4.0306813738534847e-01  5.7021711896465377e-01  0.0000000000000000e+00  1.4496207733123948e-02  7.3116974253125135e+06  3.7660309549578784e+02
72  5.9559758686355757e-01  5.7046742433259812e-01  0.0000000000000000e+00  1.5249945116574043e-02  7.0037416587736718e+06  3.7644975414468701e+02
73  2.2146246987904991e-01  5.7216638994357061e-01  0.0000000000000000e+00  1.3826666538370287e-02  7.5975649845750686e+06  3.7714838276161294e+02
74  3.7718671523630115e-01  4.7425572500132657e-01  0.0000000000000000e+00  1.4214058816954728e-02  7.2094068248802926e+06  3.7631489306683568e+02
75  6.1858722601919813e-01  4.7314123082254006e-01  0.0000000000000000e+00  1.4509533161271709e-02  6.8120319138207883e+06  3.7546600742339945e+02
76  7.7887067652899544e-01  1.0722009207519508e-01  0.0000000000000000e+00  1.3259182618278631e-02  6.1145692573558893e+06  3.7350927820794385e+02
77  7.8268863715899994e-01  8.9819643318748510e-01  0.0000000000000000e+00  1.1985294198505581e-02  7.4450653337703636e+06  3.7860525274034239e+02
78  1.1176053307295518e-01  7.7941210564413477e-01  0.0000000000000000e+00  1.3505258781474912e-02  7.8952545571655789e+06  3.7627993421259458e+02
79  2.2061555190918941e-01  1.0993156926648916e-01  0.0000000000000000e+00  1.3364311989307027e-02  6.5962605872333050e+06  3.7922523361281867e+02
80  8.8942981698340140e-01  7.8091307224871997e-01  0.0000000000000000e+00  1.3079937636054806e-02  6.6044371277445219e+06  3.7960490041854820e+02
81  2.1607908396934428e-01  8.9563301808847728e-01  0.0000000000000000e+00  1.1920726477124638e-02  7.9056849153278433e+06  3.7626580768898657e+02
82  1.0526410166369661e-01  2.1550791270740127e-01  0.0000000000000000e+00  1.1867403315974698e-02  7.4388158825379591e+06  3.7849603940355354e+02
83  8.9472225039511732e-01  2.1553155163387905e-01  0.0000000000000000e+00  1.1873691871297998e-02  6.1065736183712967e+06  3.7352347715115212e+02
84  7.8906298076211911e-01  2.0728158987147632e-01  0.0000000000000000e+00  1.2782617156804149e-02  6.2122899945697216e+06  3.7419800843779637e+02
85  7.8758850798050095e-01  7.9457955927452684e-01  0.0000000000000000e+00  1.2837549101414519e-02  7.0560929881788418e+06  3.7958778454127025e+02
86  2.1236956320375674e-01  7.9051517757080347e-01  0.0000000000000000e+00  1.2697758524727085e-02  7.8161638576457519e+06  3.7672124464314754e+02
87  2.1040959973485862e-01  2.0996942813532457e-01  0.0000000000000000e+00  1.2565274838129145e-02  7.0293820064638415e+06  3.7991496095128781e+02
88  4.3221135160608581e-01  3.9899696576246518e-01  0.0000000000000000e+00  1.4247132943011290e-02  6.9892849807628952e+06  3.7639310720335538e+02
89  2.6590829223112883e-01  4.7304386100918405e-01  0.0000000000000000e+00  1.1828759173494942e-02  7.4048181097234059e+06  3.7650204130370349e+02
90  7.3118981538734973e-01  4.7247423467032112e-01  0.0000000000000000e+00  1.1940592208108142e-02  6.5900182727169218e+06  3.7528016988268831e+02
