# step 928  time 4.6399999999999233e+00
# columns: cell_id  cx  cy  cz  volume  p  T
25  6.0947609528501079e-01  2.9266210726740544e-01  0.0000000000000000e+00  2.0621669069294024e-02  6.5168773766571674e+06  3.7574260828468300e+02
26  5.5127463722714043e-01  2.0834582856899037e-01  0.0000000000000000e+00  1.7860615973428792e-02  6.4437930241146600e+06  3.7456275901204003e+02
27  2.9685056643464047e-01  7.3103958925359536e-01  0.0000000000000000e+00  1.6218163110777631e-02  7.6603093183438908e+06  3.7702412371944416e+02
28  3.7150955598931856e-01  2.9602492195082547e-01  0.0000000000000000e+00  1.6005200032365989e-02  6.8672685430324934e+06  3.7698737711864362e+02
29  7.0290986458291271e-01  7.3581743301133451e-01  0.0000000000000000e+00  1.7047025627060397e-02  7.1066209910625676e+06  3.7856426990798008e+02
30  2.6900918081678588e-01  2.9025900484497558e-01  0.0000000000000000e+00  1.5285096573220983e-02  7.0761507115542535e+06  3.7892147262654771e+02
31  7.2737397651990365e-01  2.8691982908900121e-01  0.0000000000000000e+00  1.6404496291880760e-02  6.3737268009315738e+06  3.7448005486601880e+02
32  3.0017798959877612e-01  6.3433238587380647e-01  0.0000000000000000e+00  1.4339684054445571e-02  7.5505558147307271e+06  3.7648210259271309e+02
33  7.0131683066379602e-01  6.3608365784646548e-01  0.0000000000000000e+00  1.5110607879124022e-02  6.9124514795356002e+06  3.7685911058646263e+02
34  9.4511654972274750e-01  4.9676656308692896e-01  0.0000000000000000e+00  1.6465035083173568e-02  6.1408138081638450e+06  3.7518521440024676e+02
35  4.9953254062032793e-01  9.4544198399712454e-01  0.0000000000000000e+00  1.6367404800839730e-02  7.8681316229139734e+06  4.0739203388391286e+02
36  5.4568870682756773e-02  4.9622169524871568e-01  0.0000000000000000e+00  1.6370661204804321e-02  7.8616272467969507e+06  4.0828630702106813e+02
37  4.9933490045277412e-01  7.2959749507372162e-01  0.0000000000000000e+00  1.5986497181515985e-02  7.4290556331337411e+06  3.7737809256017823e+02
38  4.9797281719472386e-01  4.4125347690188492e-02  0.0000000000000000e+00  1.3237604307054687e-02  6.1102495618685829e+06  3.7545958501079417e+02
39  4.9898298685472503e-01  6.1492240364977013e-01  0.0000000000000000e+00  1.8363423396054346e-02  7.2385647949179793e+06  3.7672101120636586e+02
40  9.3823320415483258e-01  6.9638312608651376e-01  0.0000000000000000e+00  1.8530038753598849e-02  6.2781047489196211e+06  3.7811342547298887e+02
41  3.0060903013163343e-01  9.4443640526000161e-01  0.0000000000000000e+00  1.6669078422068828e-02  7.9255929792101430e+06  3.9689972911573682e+02
42  5.6460714492188577e-02  3.0003785886966761e-01  0.0000000000000000e+00  1.6938214347727049e-02  7.7556174602843877e+06  4.1903427595305322e+02
43  8.8864218728902822e-01  3.9682806088356021e-01  0.0000000000000000e+00  1.5866755159615442e-02  6.2116388868986582e+06  3.7482061511898718e+02
44  4.0009262781926180e-01  7.8159941376839359e-01  0.0000000000000000e+00  1.5707109643331066e-02  7.6348986559242951e+06  3.7746168727423753e+02
45  8.8334975387758052e-01  5.9314968917431066e-01  0.0000000000000000e+00  1.7502993249730647e-02  6.3617305844273912e+06  3.7636513194229212e+02
46  9.4352563756628116e-01  3.0006149779579255e-01  0.0000000000000000e+00  1.6942308730066108e-02  6.0808114048043797e+06  3.7383581525822450e+02
47  4.0014157075066753e-01  8.8987838925712781e-01  0.0000000000000000e+00  1.6251836214990156e-02  7.7981222312717894e+06  3.7592275753087529e+02
48  1.1102958517494534e-01  3.9625955411708869e-01  0.0000000000000000e+00  1.5685175119028776e-02  7.6497951180573879e+06  3.7702321980954599e+02
49  4.2874607159796685e-01  2.1105730575974124e-01  0.0000000000000000e+00  1.6078260328838922e-02  6.5775482983264877e+06  3.7795591457013882e+02
50  6.2957145901356371e-02  6.9488215948278842e-01  0.0000000000000000e+00  1.8887143770275922e-02  7.9102975779552301e+06  3.9576142067248412e+02
51  6.9815869099756067e-01  9.4699982035896380e-01  0.0000000000000000e+00  1.5900053892200394e-02  7.7726811962511614e+06  4.2038524277840804e+02
52  3.0514549807067287e-01  6.1128182094867284e-02  0.0000000000000000e+00  1.8338454628406730e-02  6.2684184507682472e+06  3.7810004428742866e+02
53  6.9434073036647614e-01  5.8416704904116525e-02  0.0000000000000000e+00  1.7525011471281104e-02  6.0865227577381954e+06  3.7384673491781456e+02
54  5.9754253438072291e-01  7.8487629092141842e-01  0.0000000000000000e+00  1.5810449804041171e-02  7.4138660061134910e+06  3.7900741500994576e+02
55  1.1752601658411314e-01  5.9110385473048710e-01  0.0000000000000000e+00  1.7442586765383690e-02  7.7756275145771969e+06  3.7597855107926341e+02
56  5.9769123161687288e-01  8.9244180435609077e-01  0.0000000000000000e+00  1.5793157039555250e-02  7.6628787715804614e+06  3.7700688767764353e+02
57  4.0311831526623704e-01  1.0525352978505578e-01  0.0000000000000000e+00  1.4208687458071328e-02  6.3307090192195028e+06  3.7611592559167661e+02
58  5.9231354756206811e-01  1.0254205259430504e-01  0.0000000000000000e+00  1.4790476336664006e-02  6.2196511468110615e+06  3.7540551097561320e+02
59  2.1843255342838080e-01  3.9201918466447361e-01  0.0000000000000000e+00  1.4655212980729040e-02  7.3919428344785850e+06  3.7937092161962232e+02
60  7.7814979587564859e-01  3.9193635393917303e-01  0.0000000000000000e+00  1.5607648552403403e-02  6.4073609480852513e+06  3.7525104728791092e+02
61  4.8803387171598892e-02  8.8452994616180858e-01  0.0000000000000000e+00  1.4641016151479676e-02  7.9735785816764859e+06  3.8733076736230362e+02
62  8.8452994616190173e-01  9.5119661282852108e-01  0.0000000000000000e+00  1.4641016151443587e-02  7.4672996993889557e+06  4.4068559763233100e+02
63  1.1547005383802733e-01  4.8803387171621866e-02  0.0000000000000000e+00  1.4641016151454191e-02  6.5564800449767197e+06  4.2147406780830192e+02
64  4.8803387171508048e-02  1.1547005383856594e-01  0.0000000000000000e+00  1.4641016151513333e-02  7.4653636237073848e+06  4.4073592578171446e+02
65  1.1547005383854295e-01  9.5119661282847534e-01  0.0000000000000000e+00  1.4641016151518291e-02  7.9743896579137510e+06  3.8706514983883608e+02
66  9.5119661282856915e-01  8.8452994616167990e-01  0.0000000000000000e+00  1.4641016151468011e-02  6.5588068337371387e+06  4.2140038575617206e+02
67  9.5119661282883483e-01  1.1547005383759787e-01  0.0000000000000000e+00  1.4641016151317146e-02  6.0277384670975953e+06  3.7332949491668779e+02
68  8.8452994616199287e-01  4.8803387171078530e-02  0.0000000000000000e+00  1.4641016151362110e-02  6.0282871928991545e+06  3.7335567816227399e+02
69  5.4764932527260346e-01  3.9834562826979614e-01  0.0000000000000000e+00  1.6056358884234831e-02  6.7681391715625701e+06  3.7603640208439583e+02
70  7.7991541095556238e-01  5.7374906770209055e-01  0.0000000000000000e+00  1.3949772451157860e-02  6.6306253112077545e+06  3.7820064017399159e+02
71  4.0306813738534847e-01  5.7021711896465377e-01  0.0000000000000000e+00  1.4496207733123948e-02  7.3069842275391389e+06  3.7760984304818612e+02
72  5.9559758686355757e-01  5.7046742433259812e-01  0.0000000000000000e+00  1.5249945116574043e-02  6.9996978740068376e+06  3.7772034234949518e+02
73  2.2146246987904991e-01  5.7216638994357061e-01  0.0000000000000000e+00  1.3826666538370287e-02  7.5917072358556008e+06  3.7815816468536929e+02
74  3.7718671523630115e-01  4.7425572500132657e-01  0.0000000000000000e+00  1.4214058816954728e-02  7.2045480392628945e+06  3.7718884382322938e+02
75  6.1858722601919813e-01  4.7314123082254006e-01  0.0000000000000000e+00  1.4509533161271709e-02  6.8081303497719588e+06  3.7622722562618259e+02
76  7.7887067652899544e-01  1.0722009207519508e-01  0.0000000000000000e+00  1.3259182618278631e-02  6.1137264101688247e+06  3.7368092295953642e+02
77  7.8268863715899994e-01  8.9819643318748510e-01  0.0000000000000000e+00  1.1985294198505581e-02  7.4377918374881940e+06  3.8277204544467617e+02
78  1.1176053307295518e-01  7.7941210564413477e-01  0.0000000000000000e+00  1.3505258781474912e-02  7.8917241351328865e+06  3.7610040240301970e+02
79  2.2061555190918941e-01  1.0993156926648916e-01  0.0000000000000000e+00  1.3364311989307027e-02  6.5974981253043404e+06  3.8261632477334820e+02
80  8.8942981698340140e-01  7.8091307224871997e-01  0.0000000000000000e+00  1.3079937636054806e-02  6.6061506596183199e+06  3.8321388031467995e+02
81  2.1607908396934428e-01  8.9563301808847728e-01  0.0000000000000000e+00  1.1920726477124638e-02  7.9023438924862063e+06  3.7604747916030669e+02
82  1.0526410166369661e-01  2.1550791270740127e-01  0.0000000000000000e+00  1.1867403315974698e-02  7.4312773249402642e+06  3.8253730489158892e+02
83  8.9472225039511732e-01  2.1553155163387905e-01  0.0000000000000000e+00  1.1873691871297998e-02  6.1057752696545683e+06  3.7371430077429306e+02
84  7.8906298076211911e-01  2.0728158987147632e-01  0.0000000000000000e+00  1.2782617156804149e-02  6.2109364639647892e+06  3.7475458688757999e+02
85  7.8758850798050095e-01  7.9457955927452684e-01  0.0000000000000000e+00  1.2837549101414519e-02  7.0518718789755665e+06  3.8254813153216975e+02
86  2.1236956320375674e-01  7.9051517757080347e-01  0.0000000000000000e+00  1.2697758524727085e-02  7.8124415132098170e+06  3.7713714075471171e+02
87  2.1040959973485862e-01  2.0996942813532457e-01  0.0000000000000000e+00  1.2565274838129145e-02  7.0251694058675645e+06  3.8311574268541989e+02
88  4.3221135160608581e-01  3.9899696576246518e-01  0.0000000000000000e+00  1.4247132943011290e-02  6.9850250225963239e+06  3.7762555596356458e+02
89  2.6590829223112883e-01  4.7304386100918405e-01  0.0000000000000000e+00  1.1828759173494942e-02  7.3987832338855285e+06  3.7727198966670267e+02
90  7.3118981538734973e-01  4.7247423467032112e-01  0.0000000000000000e+00  1.1940592208108142e-02  6.5871059522831887e+06  3.7618478234705208e+02
