# step 363  time 3.6299999999999666e+00
# columns: cell_id  cx  cy  cz  volume  p  T
17  4.9999999999972211e-01  4.1581330609475403e-01  0.0000000000000000e+00  5.3372225275520865e-02  6.7696343166571148e+06  3.0470447058954124e+02
18  5.0000000000013045e-01  5.8418669390549294e-01  0.0000000000000000e+00  5.3372225275486282e-02  6.9213596353532327e+06  3.1106048227493886e+02
19  9.0377495513518946e-01  4.9999999999914585e-01  0.0000000000000000e+00  4.8112522432398608e-02  7.8816519213662520e+06  3.1048381798383048e+02
20  9.6225044864737361e-02  5.0000000000115574e-01  0.0000000000000000e+00  4.8112522432301831e-02  6.0147647040922986e+06  4.7133562281246350e+02
21  4.9999999999922617e-01  8.2479972761320117e-02  0.0000000000000000e+00  4.1239986380654195e-02  6.5686931267512236e+06  3.1209854828181199e+02
22  5.0000000000097422e-01  9.1752002723872572e-01  0.0000000000000000e+00  4.1239986380579824e-02  6.9463263344175965e+06  2.6146484546258256e+02
23  1.9188436272906628e-01  9.1922674838271745e-01  0.0000000000000000e+00  4.0386625808809279e-02  6.0444500916135870e+06  2.5534732958687013e+02
24  8.0811563727108460e-01  8.0773251617356503e-02  0.0000000000000000e+00  4.0386625808784618e-02  7.9898633170902198e+06  3.1464643170285541e+02
25  9.1922674838248786e-01  1.9188436272819084e-01  0.0000000000000000e+00  4.0386625808655346e-02  7.9956093030938925e+06  3.1741519839971073e+02
26  8.0773251617492714e-02  8.0811563727191471e-01  0.0000000000000000e+00  4.0386625808634377e-02  5.9936192647933001e+06  3.7370701488714627e+02
27  8.0773251616928540e-02  1.9188436272870402e-01  0.0000000000000000e+00  4.0386625808632365e-02  6.0054124897273434e+06  3.0568899229878491e+02
28  9.1922674838303398e-01  8.0811563727146651e-01  0.0000000000000000e+00  4.0386625808589371e-02  7.9372223068183493e+06  3.2148443259313109e+02
29  1.9188436272776282e-01  8.0773251617130407e-02  0.0000000000000000e+00  4.0386625808464575e-02  6.0162989870168744e+06  3.0528359087847718e+02
30  8.0811563727223112e-01  9.1922674838286988e-01  0.0000000000000000e+00  4.0386625808453036e-02  7.6831340332938647e+06  2.9292568754140984e+02
31  1.7699829648166596e-01  3.5855102939575606e-01  0.0000000000000000e+00  3.3329991413492091e-02  6.0163073908422943e+06  3.0499336070301763e+02
32  8.2300170351822333e-01  6.4144897060451467e-01  0.0000000000000000e+00  3.3329991413463322e-02  7.8758878602433344e+06  3.1082496760358617e+02
33  8.2300170351767687e-01  3.5855102939457245e-01  0.0000000000000000e+00  3.3329991413255156e-02  7.6030451802160516e+06  3.0303671617163997e+02
34  1.7699829648223006e-01  6.4144897060563322e-01  0.0000000000000000e+00  3.3329991413233680e-02  6.0174363739092359e+06  1.3790713747499913e+02
35  3.4366496314812817e-01  3.2991989104550251e-01  0.0000000000000000e+00  3.3080880809938921e-02  6.2085661521826219e+06  3.0508800440091932e+02
36  6.5633503685176020e-01  6.7008010895464443e-01  0.0000000000000000e+00  3.3080880809888802e-02  7.2468609533730205e+06  3.0078156954382115e+02
37  3.4366496314910061e-01  6.7008010895516201e-01  0.0000000000000000e+00  3.3080880809540213e-02  6.4336304667949993e+06  3.0299545958584986e+02
38  6.5633503685080596e-01  3.2991989104505864e-01  0.0000000000000000e+00  3.3080880809544688e-02  7.2679187476471756e+06  3.1638632224241968e+02
39  6.4144897060421313e-01  1.6325322437867665e-01  0.0000000000000000e+00  3.1453509115425347e-02  7.0276611984995147e+06  2.9957820101697973e+02
40  3.5855102939593703e-01  8.3674677562144351e-01  0.0000000000000000e+00  3.1453509115408784e-02  6.8377866881816890e+06  3.9349803508684568e+02
41  3.5855102939422484e-01  1.6325322437845047e-01  0.0000000000000000e+00  3.1453509115432383e-02  6.0235591613134062e+06  3.0616633769816286e+02
42  6.4144897060576811e-01  8.3674677562159594e-01  0.0000000000000000e+00  3.1453509115412032e-02  7.5813940626988048e+06  4.0566446099180746e+02
