# step 533  time 5.3299999999999308e+00
# columns: cell_id  cx  cy  cz  volume  p  T
17  4.9999999999972211e-01  4.1581330609475403e-01  0.0000000000000000e+00  5.3372225275520865e-02  6.7765898392855432e+06  3.0396121954836769e+02
18  5.0000000000013045e-01  5.8418669390549294e-01  0.0000000000000000e+00  5.3372225275486282e-02  6.9679883236622894e+06  3.1497948593180365e+02
19  9.0377495513518946e-01  4.9999999999914585e-01  0.0000000000000000e+00  4.8112522432398608e-02  7.8822535506153274e+06  3.1058605922523202e+02
20  9.6225044864737361e-02  5.0000000000115574e-01  0.0000000000000000e+00  4.8112522432301831e-02  6.0141187692830823e+06  4.6785737301271223e+02
21  4.9999999999922617e-01  8.2479972761320117e-02  0.0000000000000000e+00  4.1239986380654195e-02  6.5649605769299548e+06  3.1438030584947336e+02
22  5.0000000000097422e-01  9.1752002723872572e-01  0.0000000000000000e+00  4.1239986380579824e-02  6.9572315094321240e+06  2.4718888237037410e+02
23  1.9188436272906628e-01  9.1922674838271745e-01  0.0000000000000000e+00  4.0386625808809279e-02  6.0405791106839627e+06  2.3595255574578115e+02
24  8.0811563727108460e-01  8.0773251617356503e-02  0.0000000000000000e+00  4.0386625808784618e-02  7.9897697641011300e+06  3.1380340780018412e+02
25  9.1922674838248786e-01  1.9188436272819084e-01  0.0000000000000000e+00  4.0386625808655346e-02  7.9956105930407317e+06  3.1756867017617157e+02
26  8.0773251617492714e-02  8.0811563727191471e-01  0.0000000000000000e+00  4.0386625808634377e-02  5.9932584300623024e+06  3.8606360140843390e+02
27  8.0773251616928540e-02  1.9188436272870402e-01  0.0000000000000000e+00  4.0386625808632365e-02  6.0050690935527850e+06  3.0575256947462833e+02
28  9.1922674838303398e-01  8.0811563727146651e-01  0.0000000000000000e+00  4.0386625808589371e-02  7.9380935016499897e+06  3.2250466167341693e+02
29  1.9188436272776282e-01  8.0773251617130407e-02  0.0000000000000000e+00  4.0386625808464575e-02  6.0157058628129158e+06  3.0519450644251737e+02
30  8.0811563727223112e-01  9.1922674838286988e-01  0.0000000000000000e+00  4.0386625808453036e-02  7.6980408048394807e+06  2.9029905599545475e+02
31  1.7699829648166596e-01  3.5855102939575606e-01  0.0000000000000000e+00  3.3329991413492091e-02  6.0158528191580921e+06  3.0506200306882891e+02
32  8.2300170351822333e-01  6.4144897060451467e-01  0.0000000000000000e+00  3.3329991413463322e-02  7.8673398906306066e+06  3.0451486768747350e+02
33  8.2300170351767687e-01  3.5855102939457245e-01  0.0000000000000000e+00  3.3329991413255156e-02  7.6002450702375500e+06  3.0237756094686335e+02
34  1.7699829648223006e-01  6.4144897060563322e-01  0.0000000000000000e+00  3.3329991413233680e-02  6.0166709233339252e+06  1.2240154877488567e+02
35  3.4366496314812817e-01  3.2991989104550251e-01  0.0000000000000000e+00  3.3080880809938921e-02  6.2164188130592164e+06  3.0639102469598214e+02
36  6.5633503685176020e-01  6.7008010895464443e-01  0.0000000000000000e+00  3.3080880809888802e-02  7.3610433117423430e+06  3.0315771460923764e+02
37  3.4366496314910061e-01  6.7008010895516201e-01  0.0000000000000000e+00  3.3080880809540213e-02  6.4274608944562627e+06  3.0175490219732035e+02
38  6.5633503685080596e-01  3.2991989104505864e-01  0.0000000000000000e+00  3.3080880809544688e-02  7.2744779486296615e+06  3.1875291761034930e+02
39  6.4144897060421313e-01  1.6325322437867665e-01  0.0000000000000000e+00  3.1453509115425347e-02  7.0166444351684684e+06  2.9880129286657808e+02
40  3.5855102939593703e-01  8.3674677562144351e-01  0.0000000000000000e+00  3.1453509115408784e-02  6.8538560607598573e+06  4.1705073092139486e+02
41  3.5855102939422484e-01  1.6325322437845047e-01  0.0000000000000000e+00  3.1453509115432383e-02  6.0230763560341671e+06  3.0627414550748028e+02
42  6.4144897060576811e-01  8.3674677562159594e-01  0.0000000000000000e+00  3.1453509115412032e-02  7.6071156675115908e+06  4.3097526578266707e+02
