# step 517  time 2.5849999999999671e+00
# columns: cell_id  cx  cy  cz  volume  p  T
25  6.0947609528501079e-01  2.9266210726740544e-01  0.0000000000000000e+00  2.0621669069294024e-02  6.5200251677675331e+06  3.7493107831043449e+02
26  5.5127463722714043e-01  2.0834582856899037e-01  0.0000000000000000e+00  1.7860615973428792e-02  6.4466341029800596e+06  3.7422149840581301e+02
27  2.9685056643464047e-01  7.3103958925359536e-01  0.0000000000000000e+00  1.6218163110777631e-02  7.6654441153374715e+06  3.7651969651096169e+02
28  3.7150955598931856e-01  2.9602492195082547e-01  0.0000000000000000e+00  1.6005200032365989e-02  6.8718249874820355e+06  3.7592171742532219e+02
29  7.0290986458291271e-01  7.3581743301133451e-01  0.0000000000000000e+00  1.7047025627060397e-02  7.1119564305885769e+06  3.7697576211190921e+02
30  2.6900918081678588e-01  2.9025900484497558e-01  0.0000000000000000e+00  1.5285096573220983e-02  7.0815653468865240e+06  3.7716086475303177e+02
31  7.2737397651990365e-01  2.8691982908900121e-01  0.0000000000000000e+00  1.6404496291880760e-02  6.3762228547658473e+06  3.7412468637088386e+02
32  3.0017798959877612e-01  6.3433238587380647e-01  0.0000000000000000e+00  1.4339684054445571e-02  7.5561358516815575e+06  3.7613195696942017e+02
33  7.0131683066379602e-01  6.3608365784646548e-01  0.0000000000000000e+00  1.5110607879124022e-02  6.9169163914490659e+06  3.7588436694849821e+02
34  9.4511654972274750e-01  4.9676656308692896e-01  0.0000000000000000e+00  1.6465035083173568e-02  6.1417384506906262e+06  3.7436350370767173e+02
35  4.9953254062032793e-01  9.4544198399712454e-01  0.0000000000000000e+00  1.6367404800839730e-02  7.8731274715365497e+06  3.9674340323014599e+02
36  5.4568870682756773e-02  4.9622169524871568e-01  0.0000000000000000e+00  1.6370661204804321e-02  7.8668304903153293e+06  3.9741015545729795e+02
37  4.9933490045277412e-01  7.2959749507372162e-01  0.0000000000000000e+00  1.5986497181515985e-02  7.4350970788855786e+06  3.7652985691921413e+02
38  4.9797281719472386e-01  4.4125347690188492e-02  0.0000000000000000e+00  1.3237604307054687e-02  6.1108984707521899e+06  3.7449979364221065e+02
39  4.9898298685472503e-01  6.1492240364977013e-01  0.0000000000000000e+00  1.8363423396054346e-02  7.2437590893061040e+06  3.7602949429708030e+02
40  9.3823320415483258e-01  6.9638312608651376e-01  0.0000000000000000e+00  1.8530038753598849e-02  6.2788914014308564e+06  3.7611333719522304e+02
41  3.0060903013163343e-01  9.4443640526000161e-01  0.0000000000000000e+00  1.6669078422068828e-02  7.9285190330527248e+06  3.8941867034614472e+02
42  5.6460714492188577e-02  3.0003785886966761e-01  0.0000000000000000e+00  1.6938214347727049e-02  7.7614501183103984e+06  4.0592544053410882e+02
43  8.8864218728902822e-01  3.9682806088356021e-01  0.0000000000000000e+00  1.5866755159615442e-02  6.2130691536993068e+06  3.7420208209684085e+02
44  4.0009262781926180e-01  7.8159941376839359e-01  0.0000000000000000e+00  1.5707109643331066e-02  7.6408251176890414e+06  3.7674109339128518e+02
45  8.8334975387758052e-01  5.9314968917431066e-01  0.0000000000000000e+00  1.7502993249730647e-02  6.3636300212869477e+06  3.7517229617310670e+02
46  9.4352563756628116e-01  3.0006149779579255e-01  0.0000000000000000e+00  1.6942308730066108e-02  6.0814602870841343e+06  3.7356402105591070e+02
47  4.0014157075066753e-01  8.8987838925712781e-01  0.0000000000000000e+00  1.6251836214990156e-02  7.8055342856934676e+06  3.7611884036746005e+02
48  1.1102958517494534e-01  3.9625955411708869e-01  0.0000000000000000e+00  1.5685175119028776e-02  7.6609811081471238e+06  3.7628581676837501e+02
49  4.2874607159796685e-01  2.1105730575974124e-01  0.0000000000000000e+00  1.6078260328838922e-02  6.5804575795086799e+06  3.7623546494068012e+02
50  6.2957145901356371e-02  6.9488215948278842e-01  0.0000000000000000e+00  1.8887143770275922e-02  7.9136718688338567e+06  3.8859927130725811e+02
51  6.9815869099756067e-01  9.4699982035896380e-01  0.0000000000000000e+00  1.5900053892200394e-02  7.7780824133368852e+06  4.0711475808983460e+02
52  3.0514549807067287e-01  6.1128182094867284e-02  0.0000000000000000e+00  1.8338454628406730e-02  6.2692635148294754e+06  3.7610848361117576e+02
53  6.9434073036647614e-01  5.8416704904116525e-02  0.0000000000000000e+00  1.7525011471281104e-02  6.0871935180351036e+06  3.7357274748009672e+02
54  5.9754253438072291e-01  7.8487629092141842e-01  0.0000000000000000e+00  1.5810449804041171e-02  7.4210464613261921e+06  3.7747352320124992e+02
55  1.1752601658411314e-01  5.9110385473048710e-01  0.0000000000000000e+00  1.7442586765383690e-02  7.7836561771518420e+06  3.7612256673344575e+02
56  5.9769123161687288e-01  8.9244180435609077e-01  0.0000000000000000e+00  1.5793157039555250e-02  7.6737678180652577e+06  3.7630585862153913e+02
57  4.0311831526623704e-01  1.0525352978505578e-01  0.0000000000000000e+00  1.4208687458071328e-02  6.3325147125233151e+06  3.7500982028634115e+02
58  5.9231354756206811e-01  1.0254205259430504e-01  0.0000000000000000e+00  1.4790476336664006e-02  6.2208930199895073e+06  3.7453810415788575e+02
59  2.1843255342838080e-01  3.9201918466447361e-01  0.0000000000000000e+00  1.4655212980729040e-02  7.3992582570779510e+06  3.7766224400484134e+02
60  7.7814979587564859e-01  3.9193635393917303e-01  0.0000000000000000e+00  1.5607648552403403e-02  6.4099018959394787e+06  3.7457966283110130e+02
61  4.8803387171598892e-02  8.8452994616180858e-01  0.0000000000000000e+00  1.4641016151479676e-02  7.9745662461501658e+06  3.8326277754655365e+02
62  8.8452994616190173e-01  9.5119661282852108e-01  0.0000000000000000e+00  1.4641016151443587e-02  7.4624634445444513e+06  4.2874168199575541e+02
63  1.1547005383802733e-01  4.8803387171621866e-02  0.0000000000000000e+00  1.4641016151454191e-02  6.5428276796095669e+06  4.0099763656083439e+02
64  4.8803387171508048e-02  1.1547005383856594e-01  0.0000000000000000e+00  1.4641016151513333e-02  7.4605962316208258e+06  4.2880803011011091e+02
65  1.1547005383854295e-01  9.5119661282847534e-01  0.0000000000000000e+00  1.4641016151518291e-02  7.9753682714161798e+06  3.8309420601178795e+02
66  9.5119661282856915e-01  8.8452994616167990e-01  0.0000000000000000e+00  1.4641016151468011e-02  6.5450568857930796e+06  4.0097068788292194e+02
67  9.5119661282883483e-01  1.1547005383759787e-01  0.0000000000000000e+00  1.4641016151317146e-02  6.0279774297362911e+06  3.7324854887787308e+02
68  8.8452994616199287e-01  4.8803387171078530e-02  0.0000000000000000e+00  1.4641016151362110e-02  6.0285270708060237e+06  3.7326352255138011e+02
69  5.4764932527260346e-01  3.9834562826979614e-01  0.0000000000000000e+00  1.6056358884234831e-02  6.7723243658739049e+06  3.7528707748664789e+02
70  7.7991541095556238e-01  5.7374906770209055e-01  0.0000000000000000e+00  1.3949772451157860e-02  6.6334314528551148e+06  3.7640804496330964e+02
71  4.0306813738534847e-01  5.7021711896465377e-01  0.0000000000000000e+00  1.4496207733123948e-02  7.3120492072339682e+06  3.7654643697907602e+02
72  5.9559758686355757e-01  5.7046742433259812e-01  0.0000000000000000e+00  1.5249945116574043e-02  7.0040528236938044e+06  3.7637725708338814e+02
73  2.2146246987904991e-01  5.7216638994357061e-01  0.0000000000000000e+00  1.3826666538370287e-02  7.5979825475918502e+06  3.7709311749319920e+02
74  3.7718671523630115e-01  4.7425572500132657e-01  0.0000000000000000e+00  1.4214058816954728e-02  7.2097695570432059e+06  3.7626460728401327e+02
75  6.1858722601919813e-01  4.7314123082254006e-01  0.0000000000000000e+00  1.4509533161271709e-02  6.8123242767408611e+06  3.7542204149885634e+02
76  7.7887067652899544e-01  1.0722009207519508e-01  0.0000000000000000e+00  1.3259182618278631e-02  6.1146298287520632e+06  3.7349954825299017e+02
77  7.8268863715899994e-01  8.9819643318748510e-01  0.0000000000000000e+00  1.1985294198505581e-02  7.4458004704231555e+06  3.7843285112738204e+02
78  1.1176053307295518e-01  7.7941210564413477e-01  0.0000000000000000e+00  1.3505258781474912e-02  7.8954868344851425e+06  3.7628820342644798e+02
79  2.2061555190918941e-01  1.0993156926648916e-01  0.0000000000000000e+00  1.3364311989307027e-02  6.5963203832926257e+06  3.7902289774142241e+02
80  8.8942981698340140e-01  7.8091307224871997e-01  0.0000000000000000e+00  1.3079937636054806e-02  6.6044688946305709e+06  3.7938851555565071e+02
81  2.1607908396934428e-01  8.9563301808847728e-01  0.0000000000000000e+00  1.1920726477124638e-02  7.9059034108031662e+06  3.7627612403032197e+02
82  1.0526410166369661e-01  2.1550791270740127e-01  0.0000000000000000e+00  1.1867403315974698e-02  7.4395652433175361e+06  3.7832965827685985e+02
83  8.9472225039511732e-01  2.1553155163387905e-01  0.0000000000000000e+00  1.1873691871297998e-02  6.1066307707492504e+06  3.7351264219032225e+02
84  7.8906298076211911e-01  2.0728158987147632e-01  0.0000000000000000e+00  1.2782617156804149e-02  6.2123893182942383e+06  3.7416594205120907e+02
85  7.8758850798050095e-01  7.9457955927452684e-01  0.0000000000000000e+00  1.2837549101414519e-02  7.0564676605179477e+06  3.7940869280602135e+02
86  2.1236956320375674e-01  7.9051517757080347e-01  0.0000000000000000e+00  1.2697758524727085e-02  7.8164195040379614e+06  3.7669928743822283e+02
87  2.1040959973485862e-01  2.0996942813532457e-01  0.0000000000000000e+00  1.2565274838129145e-02  7.0297523967081485e+06  3.7972118379127113e+02
88  4.3221135160608581e-01  3.9899696576246518e-01  0.0000000000000000e+00  1.4247132943011290e-02  6.9896082109571043e+06  3.7632246305446097e+02
89  2.6590829223112883e-01  4.7304386100918405e-01  0.0000000000000000e+00  1.1828759173494942e-02  7.4052597022966417e+06  3.7645768861172428e+02
90  7.3118981538734973e-01  4.7247423467032112e-01  0.0000000000000000e+00  1.1940592208108142e-02  6.5902417991538607e+06  3.7522814799191764e+02
