# step 592  time 5.9199999999999182e+00
# columns: cell_id  cx  cy  cz  volume  p  T
17  4.9999999999972211e-01  4.1581330609475403e-01  0.0000000000000000e+00  5.3372225275520865e-02  6.7897015322418194e+06  3.0362490299565513e+02
18  5.0000000000013045e-01  5.8418669390549294e-01  0.0000000000000000e+00  5.3372225275486282e-02  7.0289505738513945e+06  3.1649287707488156e+02
19  9.0377495513518946e-01  4.9999999999914585e-01  0.0000000000000000e+00  4.8112522432398608e-02  7.8835380405352572e+06  3.1062770853842551e+02
20  9.6225044864737361e-02  5.0000000000115574e-01  0.0000000000000000e+00  4.8112522432301831e-02  6.0141187082171803e+06  4.6420847546112446e+02
21  4.9999999999922617e-01  8.2479972761320117e-02  0.0000000000000000e+00  4.1239986380654195e-02  6.5691698192016091e+06  3.1512576009115151e+02
22  5.0000000000097422e-01  9.1752002723872572e-01  0.0000000000000000e+00  4.1239986380579824e-02  6.9633963721361002e+06  2.4300056195400072e+02
23  1.9188436272906628e-01  9.1922674838271745e-01  0.0000000000000000e+00  4.0386625808809279e-02  6.0395712381906928e+06  2.3024913366821031e+02
24  8.0811563727108460e-01  8.0773251617356503e-02  0.0000000000000000e+00  4.0386625808784618e-02  7.9896951794879017e+06  3.1341128140108464e+02
25  9.1922674838248786e-01  1.9188436272819084e-01  0.0000000000000000e+00  4.0386625808655346e-02  7.9955985196832716e+06  3.1762107051043711e+02
26  8.0773251617492714e-02  8.0811563727191471e-01  0.0000000000000000e+00  4.0386625808634377e-02  5.9930169097434618e+06  3.8823669680863065e+02
27  8.0773251616928540e-02  1.9188436272870402e-01  0.0000000000000000e+00  4.0386625808632365e-02  6.0050090353723671e+06  3.0577823714432191e+02
28  9.1922674838303398e-01  8.0811563727146651e-01  0.0000000000000000e+00  4.0386625808589371e-02  7.9399219805101734e+06  3.2282190820024385e+02
29  1.9188436272776282e-01  8.0773251617130407e-02  0.0000000000000000e+00  4.0386625808464575e-02  6.0156914381050523e+06  3.0516103327692815e+02
30  8.0811563727223112e-01  9.1922674838286988e-01  0.0000000000000000e+00  4.0386625808453036e-02  7.7035529258795977e+06  2.8925700346230747e+02
31  1.7699829648166596e-01  3.5855102939575606e-01  0.0000000000000000e+00  3.3329991413492091e-02  6.0159447336605927e+06  3.0507375082470600e+02
32  8.2300170351822333e-01  6.4144897060451467e-01  0.0000000000000000e+00  3.3329991413463322e-02  7.8788681386016831e+06  3.0322433850381259e+02
33  8.2300170351767687e-01  3.5855102939457245e-01  0.0000000000000000e+00  3.3329991413255156e-02  7.6014237421642067e+06  3.0223574784181938e+02
34  1.7699829648223006e-01  6.4144897060563322e-01  0.0000000000000000e+00  3.3329991413233680e-02  6.0167141101449756e+06  1.2027050622207480e+02
35  3.4366496314812817e-01  3.2991989104550251e-01  0.0000000000000000e+00  3.3080880809938921e-02  6.2230176235060403e+06  3.0698286937492173e+02
36  6.5633503685176020e-01  6.7008010895464443e-01  0.0000000000000000e+00  3.3080880809888802e-02  7.4624653383676345e+06  3.0278290001225071e+02
37  3.4366496314910061e-01  6.7008010895516201e-01  0.0000000000000000e+00  3.3080880809540213e-02  6.4343953582750997e+06  3.0117316345057128e+02
38  6.5633503685080596e-01  3.2991989104505864e-01  0.0000000000000000e+00  3.3080880809544688e-02  7.2813626781198643e+06  3.1948593786948112e+02
39  6.4144897060421313e-01  1.6325322437867665e-01  0.0000000000000000e+00  3.1453509115425347e-02  7.0213650371236000e+06  2.9872971274909327e+02
40  3.5855102939593703e-01  8.3674677562144351e-01  0.0000000000000000e+00  3.1453509115408784e-02  6.8609269290186912e+06  4.2405285012449457e+02
41  3.5855102939422484e-01  1.6325322437845047e-01  0.0000000000000000e+00  3.1453509115432383e-02  6.0232747502254685e+06  3.0626669138677380e+02
42  6.4144897060576811e-01  8.3674677562159594e-01  0.0000000000000000e+00  3.1453509115412032e-02  7.6181504217175553e+06  4.3902273755638441e+02
