# step 396  time 1.9799999999999798e+00
# columns: cell_id  cx  cy  cz  volume  p  T
25  6.0947609528501079e-01  2.9266210726740544e-01  0.0000000000000000e+00  2.0621669069294024e-02  6.5214064819053197e+06  3.7468759721582722e+02
26  5.5127463722714043e-01  2.0834582856899037e-01  0.0000000000000000e+00  1.7860615973428792e-02  6.4478959746658988e+06  3.7412060679315232e+02
27  2.9685056643464047e-01  7.3103958925359536e-01  0.0000000000000000e+00  1.6218163110777631e-02  7.6675038568813568e+06  3.7637304448852234e+02
28  3.7150955598931856e-01  2.9602492195082547e-01  0.0000000000000000e+00  1.6005200032365989e-02  6.8739441923484281e+06  3.7559728886172195e+02
29  7.0290986458291271e-01  7.3581743301133451e-01  0.0000000000000000e+00  1.7047025627060397e-02  7.1145401777517758e+06  3.7649322537547954e+02
30  2.6900918081678588e-01  2.9025900484497558e-01  0.0000000000000000e+00  1.5285096573220983e-02  7.0841616313879685e+06  3.7662444777019982e+02
31  7.2737397651990365e-01  2.8691982908900121e-01  0.0000000000000000e+00  1.6404496291880760e-02  6.3772993727562604e+06  3.7401875137852647e+02
32  3.0017798959877612e-01  6.3433238587380647e-01  0.0000000000000000e+00  1.4339684054445571e-02  7.5584205372156650e+06  3.7602570911705334e+02
33  7.0131683066379602e-01  6.3608365784646548e-01  0.0000000000000000e+00  1.5110607879124022e-02  6.9190359511363786e+06  3.7558714754513079e+02
34  9.4511654972274750e-01  4.9676656308692896e-01  0.0000000000000000e+00  1.6465035083173568e-02  6.1421863378521241e+06  3.7411656965951261e+02
35  4.9953254062032793e-01  9.4544198399712454e-01  0.0000000000000000e+00  1.6367404800839730e-02  7.8751175122626051e+06  3.9299263501721697e+02
36  5.4568870682756773e-02  4.9622169524871568e-01  0.0000000000000000e+00  1.6370661204804321e-02  7.8689017139587197e+06  3.9355351315473752e+02
37  4.9933490045277412e-01  7.2959749507372162e-01  0.0000000000000000e+00  1.5986497181515985e-02  7.4376667161560468e+06  3.7627926389567278e+02
38  4.9797281719472386e-01  4.4125347690188492e-02  0.0000000000000000e+00  1.3237604307054687e-02  6.1112295848955354e+06  3.7421005096950046e+02
39  4.9898298685472503e-01  6.1492240364977013e-01  0.0000000000000000e+00  1.8363423396054346e-02  7.2460267563847555e+06  3.7582056324783895e+02
40  9.3823320415483258e-01  6.9638312608651376e-01  0.0000000000000000e+00  1.8530038753598849e-02  6.2797127003435753e+06  3.7552276336500211e+02
41  3.0060903013163343e-01  9.4443640526000161e-01  0.0000000000000000e+00  1.6669078422068828e-02  7.9295880241808891e+06  3.8697122620516240e+02
42  5.6460714492188577e-02  3.0003785886966761e-01  0.0000000000000000e+00  1.6938214347727049e-02  7.7643752118788706e+06  4.0081539292774187e+02
43  8.8864218728902822e-01  3.9682806088356021e-01  0.0000000000000000e+00  1.5866755159615442e-02  6.2137050358608644e+06  3.7401618551941806e+02
44  4.0009262781926180e-01  7.8159941376839359e-01  0.0000000000000000e+00  1.5707109643331066e-02  7.6432164917932199e+06  3.7653893586900472e+02
45  8.8334975387758052e-01  5.9314968917431066e-01  0.0000000000000000e+00  1.7502993249730647e-02  6.3646645637511676e+06  3.7481280446666398e+02
46  9.4352563756628116e-01  3.0006149779579255e-01  0.0000000000000000e+00  1.6942308730066108e-02  6.0817345734720686e+06  3.7348317084919040e+02
47  4.0014157075066753e-01  8.8987838925712781e-01  0.0000000000000000e+00  1.6251836214990156e-02  7.8083196527473116e+06  3.7618629494310426e+02
48  1.1102958517494534e-01  3.9625955411708869e-01  0.0000000000000000e+00  1.5685175119028776e-02  7.6657450348696792e+06  3.7621654685378718e+02
49  4.2874607159796685e-01  2.1105730575974124e-01  0.0000000000000000e+00  1.6078260328838922e-02  6.5818921262782542e+06  3.7571302439082228e+02
50  6.2957145901356371e-02  6.9488215948278842e-01  0.0000000000000000e+00  1.8887143770275922e-02  7.9149122251120899e+06  3.8626879391031213e+02
51  6.9815869099756067e-01  9.4699982035896380e-01  0.0000000000000000e+00  1.5900053892200394e-02  7.7808279118936593e+06  4.0188275193283783e+02
52  3.0514549807067287e-01  6.1128182094867284e-02  0.0000000000000000e+00  1.8338454628406730e-02  6.2700877274893643e+06  3.7551762402487145e+02
53  6.9434073036647614e-01  5.8416704904116525e-02  0.0000000000000000e+00  1.7525011471281104e-02  6.0874807828545477e+06  3.7349176069552220e+02
54  5.9754253438072291e-01  7.8487629092141842e-01  0.0000000000000000e+00  1.5810449804041171e-02  7.4241717468519267e+06  3.7701963870990522e+02
55  1.1752601658411314e-01  5.9110385473048710e-01  0.0000000000000000e+00  1.7442586765383690e-02  7.7866855050320076e+06  3.7617860324738439e+02
56  5.9769123161687288e-01  8.9244180435609077e-01  0.0000000000000000e+00  1.5793157039555250e-02  7.6783877934525181e+06  3.7624110493264442e+02
57  4.0311831526623704e-01  1.0525352978505578e-01  0.0000000000000000e+00  1.4208687458071328e-02  6.3335078354958668e+06  3.7467681676170753e+02
58  5.9231354756206811e-01  1.0254205259430504e-01  0.0000000000000000e+00  1.4790476336664006e-02  6.2214816663178382e+06  3.7427583946439449e+02
59  2.1843255342838080e-01  3.9201918466447361e-01  0.0000000000000000e+00  1.4655212980729040e-02  7.4024352255680114e+06  3.7715591193132371e+02
60  7.7814979587564859e-01  3.9193635393917303e-01  0.0000000000000000e+00  1.5607648552403403e-02  6.4110250470690215e+06  3.7437860408566053e+02
61  4.8803387171598892e-02  8.8452994616180858e-01  0.0000000000000000e+00  1.4641016151479676e-02  7.9749186164407264e+06  3.8201142039567208e+02
62  8.8452994616190173e-01  9.5119661282852108e-01  0.0000000000000000e+00  1.4641016151443587e-02  7.4627731544907494e+06  4.2244187370662098e+02
63  1.1547005383802733e-01  4.8803387171621866e-02  0.0000000000000000e+00  1.4641016151454191e-02  6.5414716449353881e+06  3.9427804079122245e+02
64  4.8803387171508048e-02  1.1547005383856594e-01  0.0000000000000000e+00  1.4641016151513333e-02  7.4609285723232580e+06  4.2250928344324342e+02
65  1.1547005383854295e-01  9.5119661282847534e-01  0.0000000000000000e+00  1.4641016151518291e-02  7.9757162869770937e+06  3.8187535296134308e+02
66  9.5119661282856915e-01  8.8452994616167990e-01  0.0000000000000000e+00  1.4641016151468011e-02  6.5436639615690587e+06  3.9426310746841284e+02
67  9.5119661282883483e-01  1.1547005383759787e-01  0.0000000000000000e+00  1.4641016151317146e-02  6.0280758002133714e+06  3.7322443304203887e+02
68  8.8452994616199287e-01  4.8803387171078530e-02  0.0000000000000000e+00  1.4641016151362110e-02  6.0286262826574687e+06  3.7323601794141882e+02
69  5.4764932527260346e-01  3.9834562826979614e-01  0.0000000000000000e+00  1.6056358884234831e-02  6.7741559474279601e+06  3.7506089315578305e+02
70  7.7991541095556238e-01  5.7374906770209055e-01  0.0000000000000000e+00  1.3949772451157860e-02  6.6348680871489355e+06  3.7586443787766450e+02
71  4.0306813738534847e-01  5.7021711896465377e-01  0.0000000000000000e+00  1.4496207733123948e-02  7.3142587472932274e+06  3.7623616676318181e+02
72  5.9559758686355757e-01  5.7046742433259812e-01  0.0000000000000000e+00  1.5249945116574043e-02  7.0060478092530705e+06  3.7597818841642840e+02
73  2.2146246987904991e-01  5.7216638994357061e-01  0.0000000000000000e+00  1.3826666538370287e-02  7.6005335743042044e+06  3.7679377531577296e+02
74  3.7718671523630115e-01  4.7425572500132657e-01  0.0000000000000000e+00  1.4214058816954728e-02  7.2120536921753502e+06  3.7598695734034175e+02
75  6.1858722601919813e-01  4.7314123082254006e-01  0.0000000000000000e+00  1.4509533161271709e-02  6.8141815212660665e+06  3.7517877875076533e+02
76  7.7887067652899544e-01  1.0722009207519508e-01  0.0000000000000000e+00  1.3259182618278631e-02  6.1150089045722457e+06  3.7344604500827347e+02
77  7.8268863715899994e-01  8.9819643318748510e-01  0.0000000000000000e+00  1.1985294198505581e-02  7.4508134433479514e+06  3.7760458266184207e+02
78  1.1176053307295518e-01  7.7941210564413477e-01  0.0000000000000000e+00  1.3505258781474912e-02  7.8968491285844930e+06  3.7632841782549337e+02
79  2.2061555190918941e-01  1.0993156926648916e-01  0.0000000000000000e+00  1.3364311989307027e-02  6.5972668606578354e+06  3.7789052710996680e+02
80  8.8942981698340140e-01  7.8091307224871997e-01  0.0000000000000000e+00  1.3079937636054806e-02  6.6052664199027177e+06  3.7817629840821934e+02
81  2.1607908396934428e-01  8.9563301808847728e-01  0.0000000000000000e+00  1.1920726477124638e-02  7.9071820007683393e+06  3.7632700764946685e+02
82  1.0526410166369661e-01  2.1550791270740127e-01  0.0000000000000000e+00  1.1867403315974698e-02  7.4446455390222874e+06  3.7753044813460070e+02
83  8.9472225039511732e-01  2.1553155163387905e-01  0.0000000000000000e+00  1.1873691871297998e-02  6.1069877625167770e+06  3.7345302565811585e+02
84  7.8906298076211911e-01  2.0728158987147632e-01  0.0000000000000000e+00  1.2782617156804149e-02  6.2130162013317021e+06  3.7398868693824676e+02
85  7.8758850798050095e-01  7.9457955927452684e-01  0.0000000000000000e+00  1.2837549101414519e-02  7.0590924487681966e+06  3.7840469987535073e+02
86  2.1236956320375674e-01  7.9051517757080347e-01  0.0000000000000000e+00  1.2697758524727085e-02  7.8179513264907915e+06  3.7658165082159155e+02
87  2.1040959973485862e-01  2.0996942813532457e-01  0.0000000000000000e+00  1.2565274838129145e-02  7.0323456489965981e+06  3.7863494198179490e+02
88  4.3221135160608581e-01  3.9899696576246518e-01  0.0000000000000000e+00  1.4247132943011290e-02  6.9916700095368614e+06  3.7593299513093507e+02
89  2.6590829223112883e-01  4.7304386100918405e-01  0.0000000000000000e+00  1.1828759173494942e-02  7.4080065901935417e+06  3.7621294662100797e+02
90  7.3118981538734973e-01  4.7247423467032112e-01  0.0000000000000000e+00  1.1940592208108142e-02  6.5916810964201689e+06  3.7494082859734857e+02
