# step 448  time 4.4799999999999489e+00
# columns: cell_id  cx  cy  cz  volume  p  T
17  4.9999999999972211e-01  4.1581330609475403e-01  0.0000000000000000e+00  5.3372225275520865e-02  6.7731344940670123e+06  3.0437131563379018e+02
18  5.0000000000013045e-01  5.8418669390549294e-01  0.0000000000000000e+00  5.3372225275486282e-02  6.9336513411322646e+06  3.1181531836166965e+02
19  9.0377495513518946e-01  4.9999999999914585e-01  0.0000000000000000e+00  4.8112522432398608e-02  7.8837734698430980e+06  3.1054747425885188e+02
20  9.6225044864737361e-02  5.0000000000115574e-01  0.0000000000000000e+00  4.8112522432301831e-02  6.0144833248317810e+06  4.7163845832821187e+02
21  4.9999999999922617e-01  8.2479972761320117e-02  0.0000000000000000e+00  4.1239986380654195e-02  6.5624238240850372e+06  3.1328128243954040e+02
22  5.0000000000097422e-01  9.1752002723872572e-01  0.0000000000000000e+00  4.1239986380579824e-02  6.9522163261409272e+06  2.5388074388463752e+02
23  1.9188436272906628e-01  9.1922674838271745e-01  0.0000000000000000e+00  4.0386625808809279e-02  6.0423115286788829e+06  2.4504025134383852e+02
24  8.0811563727108460e-01  8.0773251617356503e-02  0.0000000000000000e+00  4.0386625808784618e-02  7.9898231432546135e+06  3.1426832061206090e+02
25  9.1922674838248786e-01  1.9188436272819084e-01  0.0000000000000000e+00  4.0386625808655346e-02  7.9956130637097480e+06  3.1749246191440665e+02
26  8.0773251617492714e-02  8.0811563727191471e-01  0.0000000000000000e+00  4.0386625808634377e-02  5.9934264457221478e+06  3.8115833114172403e+02
27  8.0773251616928540e-02  1.9188436272870402e-01  0.0000000000000000e+00  4.0386625808632365e-02  6.0052175830757469e+06  3.0571908468037162e+02
28  9.1922674838303398e-01  8.0811563727146651e-01  0.0000000000000000e+00  4.0386625808589371e-02  7.9390101288143517e+06  3.2202520800212966e+02
29  1.9188436272776282e-01  8.0773251617130407e-02  0.0000000000000000e+00  4.0386625808464575e-02  6.0159013449299056e+06  3.0524086802501557e+02
30  8.0811563727223112e-01  9.1922674838286988e-01  0.0000000000000000e+00  4.0386625808453036e-02  7.6927577494370854e+06  2.9169838247571835e+02
31  1.7699829648166596e-01  3.5855102939575606e-01  0.0000000000000000e+00  3.3329991413492091e-02  6.0161064853635319e+06  3.0503414515284447e+02
32  8.2300170351822333e-01  6.4144897060451467e-01  0.0000000000000000e+00  3.3329991413463322e-02  7.8784829594584592e+06  3.0931910344174491e+02
33  8.2300170351767687e-01  3.5855102939457245e-01  0.0000000000000000e+00  3.3329991413255156e-02  7.6007997713812944e+06  3.0264507831732095e+02
34  1.7699829648223006e-01  6.4144897060563322e-01  0.0000000000000000e+00  3.3329991413233680e-02  6.0170761407179814e+06  1.2778328179725915e+02
35  3.4366496314812817e-01  3.2991989104550251e-01  0.0000000000000000e+00  3.3080880809938921e-02  6.2124212099937974e+06  3.0568568748491566e+02
36  6.5633503685176020e-01  6.7008010895464443e-01  0.0000000000000000e+00  3.3080880809888802e-02  7.2681829071888225e+06  3.0112974007140582e+02
37  3.4366496314910061e-01  6.7008010895516201e-01  0.0000000000000000e+00  3.3080880809540213e-02  6.4308129941448392e+06  3.0243553194680459e+02
38  6.5633503685080596e-01  3.2991989104505864e-01  0.0000000000000000e+00  3.3080880809544688e-02  7.2703598770585302e+06  3.1763157320619223e+02
39  6.4144897060421313e-01  1.6325322437867665e-01  0.0000000000000000e+00  3.1453509115425347e-02  7.0156359411627874e+06  2.9906933402327257e+02
40  3.5855102939593703e-01  8.3674677562144351e-01  0.0000000000000000e+00  3.1453509115408784e-02  6.8465444333470771e+06  4.0596435860229184e+02
41  3.5855102939422484e-01  1.6325322437845047e-01  0.0000000000000000e+00  3.1453509115432383e-02  6.0232402424300946e+06  3.0624626505524253e+02
42  6.4144897060576811e-01  8.3674677562159594e-01  0.0000000000000000e+00  3.1453509115412032e-02  7.5953608615322942e+06  4.1873239172216125e+02
